288
288
288
284
284
284
284
284
282
279
279
279
279
279
275
276
276
276
276
276
273
274
275
275
275
272
273
274
274
274
275
273
274
275
276
277
274
275
276
277
278
279
278
280
282
283
284
282
283
285
287
288
288
287
290
292
293
295
293
293
296
298
299
299
298
301
303
305
306
305
305
308
310
312
310
310
311
314
316
317
316
316
318
320
322
321
321
321
323
326
326
325
324
325
327
329
328
327
326
329
331
331
330
329
328
330
332
330
329
329
330
331
331
330
329
328
330
330
328
327
325
327
328
327
325
324
323
324
324
321
319
318
319
319
320
317
315
315
315
315
313
310
308
309
309
309
306
304
304
304
304
302
299
297
297
297
297
294
291
291
291
291
291
287
285
285
285
285
285
281
282
282
282
282
278
277
277
278
278
278
275
276
276
276
277
276
274
274
275
275
275
273
274
275
276
277
276
275
276
277
276
276
273
274
274
275
275
274
273
275
276
278
279
278
279
282
284
285
283
282
286
288
289
291
290
291
293
295
296
296
296
299
301
303
303
302
301
304
307
309
308
308
309
311
313
312
312
312
315
317
319
318
317
317
319
321
319
319
318
320
322
324
322
321
321
323
325
323
322
321
322
323
324
323
322
321
323
324
321
320
319
319
320
321
319
317
316
317
317
315
313
312
313
313
314
311
309
308
308
308
306
304
302
302
302
302
299
297
297
297
297
295
292
290
291
291
291
287
284
284
284
284
284
280
278
278
278
278
277
274
275
275
274
274
271
269
269
269
269
270
267
267
268
268
268
266
265
266
266
267
267
265
266
267
267
268
266
266
267
268
269
270
268
270
271
273
274
272
272
274
276
277
277
276
279
281
283
284
283
282
285
286
288
288
287
289
291
293
295
294
294
297
299
301
300
299
301
304
306
306
306
306
309
311
313
312
311
311
314
315
315
315
314
316
319
320
319
318
318
321
323
322
321
320
320
322
324
322
321
321
323
324
323
322
321
321
322
323
321
320
319
320
321
320
318
317
317
318
318
316
314
313
314
314
313
310
308
309
309
309
306
304
302
303
303
303
300
298
298
298
298
296
293
292
292
292
292
288
285
285
285
285
284
281
281
281
280
280
277
275
275
275
275
274
271
271
271
272
272
270
267
268
268
268
268
264
265
266
266
267
267
265
266
266
267
267
264
265
266
267
268
269
268
270
271
272
272
270
272
274
275
276
276
275
277
279
280
282
281
282
284
286
287
286
285
288
290
292
293
292
293
296
297
299
298
298
301
303
305
304
304
303
306
309
311
310
310
311
313
315
314
313
313
316
318
319
318
318
318
320
322
320
320
319
321
322
324
322
321
320
323
324
322
321
320
321
322
324
322
320
320
321
322
320
318
317
318
319
320
318
316
315
316
316
314
311
310
311
311
312
309
306
305
306
306
304
301
300
300
300
300
297
294
295
294
294
293
290
287
287
287
288
285
282
282
282
282
282
278
276
276
276
276
275
272
272
272
272
272
269
268
268
268
269
269
266
267
267
267
268
266
265
266
267
267
268
265
266
267
268
268
267
267
268
269
270
271
270
272
273
275
276
274
274
276
278
279
280
279
282
284
285
287
285
285
287
289
291
290
290
292
294
296
298
297
297
300
303
304
303
302
303
306
308
309
308
308
310
313
315
313
313
313
316
318
319
318
317
318
320
322
320
319
319
321
323
324
323
321
321
323
325
322
321
320
321
323
324
322
322
321
322
323
321
319
318
319
320
320
318
317
316
316
317
314
312
311
312
312
312
309
308
307
308
308
305
303
301
301
302
301
298
296
296
295
295
294
291
289
290
290
289
286
283
283
283
283
283
279
278
278
278
277
276
273
273
274
274
274
270
269
269
269
269
269
266
266
267
267
268
266
265
266
266
267
267
264
266
266
267
268
266
266
267
268
269
270
269
271
272
273
274
273
273
275
276
277
278
277
280
282
284
285
284
284
286
288
290
289
288
291
293
294
296
296
295
298
301
302
301
300
302
305
307
307
307
306
309
311
313
312
312
312
314
317
317
316
315
317
319
321
320
319
319
322
323
323
322
321
321
323
325
323
322
321
323
324
324
323
322
321
323
324
321
320
319
320
321
321
319
318
317
318
318
315
314
312
313
314
313
311
309
309
310
310
306
304
302
303
303
303
300
298
298
298
297
294
291
292
292
292
291
288
285
285
285
285
284
280
280
280
280
280
277
274
274
274
274
274
270
271
271
271
271
270
267
268
268
268
268
265
266
266
267
267
267
265
266
267
267
268
265
267
268
269
269
269
268
270
271
272
273
272
274
275
277
278
276
276
278
279
281
282
281
283
286
287
289
287
287
290
292
293
293
293
294
297
299
300
299
299
302
305
307
306
305
305
308
310
312
311
310
312
314
316
314
314
314
317
319
320
319
319
319
321
322
321
320
320
322
324
324
322
322
321
323
324
323
321
321
322
324
324
322
321
320
321
322
319
318
317
318
319
319
317
315
314
315
315
312
310
308
309
310
310
307
305
305
306
306
303
300
299
299
299
298
295
293
293
293
293
291
288
287
287
287
287
283
280
281
281
280
280
276
276
276
276
276
274
271
271
271
271
271
268
268
268
269
269
268
265
266
267
267
267
264
266
266
267
267
267
265
266
267
267
268
266
268
269
270
271
270
269
271
273
274
275
274
276
278
280
281
279
278
281
283
284
285
285
287
289
291
292
291
291
294
296
298
297
297
297
300
302
304
303
303
305
308
310
308
308
308
311
313
315
314
314
315
317
319
317
317
317
319
321
322
321
320
320
322
324
322
321
320
322
324
324
322
322
321
323
324
322
321
320
322
322
322
320
319
318
319
320
318
316
315
316
316
315
313
311
312
313
313
309
308
306
307
307
306
303
301
301
301
301
298
296
295
295
295
295
292
289
289
289
289
287
283
284
284
284
284
280
277
277
277
277
277
274
274
274
274
274
272
269
269
270
270
270
266
267
267
268
268
268
265
266
267
267
267
265
266
267
267
268
269
267
268
269
270
271
269
271
272
273
274
273
273
275
276
278
279
278
280
282
283
285
283
282
285
287
289
290
290
291
293
295
296
296
295
298
301
302
301
301
301
304
306
308
307
307
308
311
313
312
311
311
314
316
318
317
316
316
319
321
319
318
318
319
321
323
321
321
320
323
324
322
321
321
321
323
324
323
321
320
322
323
321
319
318
319
320
321
319
317
316
317
317
315
313
312
313
313
313
310
309
308
308
309
307
304
302
303
303
303
299
297
298
298
297
296
293
290
291
291
291
288
285
285
285
285
285
281
279
279
279
279
278
274
275
275
274
274
271
269
269
270
269
270
267
267
268
268
268
266
265
266
267
267
267
265
266
267
267
268
266
266
267
268
269
269
268
270
271
272
273
271
272
273
275
276
276
276
278
280
281
283
282
282
284
286
288
287
286
289
291
293
294
294
294
296
298
300
299
299
301
303
305
306
305
304
308
310
312
311
311
311
313
315
315
314
313
316
318
319
318
317
317
320
321
321
320
319
320
322
324
322
320
320
322
323
322
321
320
320
322
322
320
319
318
320
320
319
317
316
317
317
318
316
314
313
313
313
311
309
307
309
309
309
306
303
303
303
303
302
299
298
298
297
297
294
291
291
291
291
290
287
285
285
285
285
283
280
280
280
280
279
275
274
274
274
274
273
270
270
270
270
270
266
266
266
267
267
267
264
265
266
266
266
264
264
265
265
265
266
264
266
267
267
268
266
267
268
269
270
270
269
271
273
274
275
273
275
277
279
280
279
278
281
283
285
286
285
285
288
290
291
291
291
294
296
298
298
298
297
300
302
304
303
303
304
307
309
309
308
308
311
313
315
314
314
314
316
318
318
317
317
318
320
322
321
320
319
322
324
323
322
321
321
323
324
322
321
321
322
324
323
322
321
320
321
322
320
319
318
319
320
319
317
315
315
316
317
314
312
311
311
311
310
308
306
307
307
307
303
301
300
300
299
299
296
295
295
295
295
291
288
288
288
288
288
284
282
282
282
282
280
277
278
278
277
278
274
272
272
272
272
272
268
269
269
269
269
267
266
266
267
267
267
264
265
266
266
267
265
265
266
266
267
268
266
267
268
269
270
268
268
270
272
273
274
273
275
277
278
279
278
278
280
282
283
283
283
285
287
289
291
290
290
292
294
295
295
294
297
300
302
302
302
302
305
307
308
307
306
308
310
313
312
312
312
314
316
318
317
316
316
319
320
319
318
318
319
321
323
321
321
320
323
324
323
322
321
321
322
323
322
321
320
322
323
321
319
318
319
320
321
318
317
316
317
318
316
314
312
313
313
313
310
309
308
308
308
306
304
302
302
302
302
299
296
297
296
296
295
292
290
290
290
290
286
283
284
284
284
284
280
278
278
278
278
277
273
274
274
274
274
270
269
269
269
269
269
266
267
267
267
267
265
264
265
266
267
267
264
265
266
266
267
265
265
266
268
268
269
267
269
270
272
273
271
271
273
275
276
276
276
278
280
282
283
282
281
284
286
287
287
286
289
292
293
295
294
294
297
299
300
299
299
301
303
305
306
305
304
308
310
312
311
310
310
313
315
315
314
314
316
318
319
318
318
317
320
322
321
320
319
320
322
323
321
320
320
322
323
323
322
321
321
322
323
321
319
319
320
321
320
318
317
317
317
318
315
313
312
313
313
312
310
308
309
310
310
306
304
302
303
303
302
300
298
298
298
297
294
292
292
292
292
292
288
286
286
286
286
284
280
281
281
281
280
276
274
274
274
273
273
270
270
270
270
270
269
267
267
267
268
268
264
265
266
266
266
265
264
265
266
266
266
264
266
267
268
268
267
267
268
269
270
271
270
272
273
275
276
274
274
276
278
279
280
278
281
284
285
286
285
285
287
289
291
290
290
292
294
296
298
297
297
300
302
304
303
302
303
306
308
309
308
308
311
313
315
314
313
313
315
317
318
317
317
318
320
321
320
319
319
322
323
323
321
320
320
322
323
322
321
320
322
323
322
321
320
319
320
321
319
318
317
319
319
318
316
314
315
316
316
313
311
310
311
311
309
307
305
306
306
306
303
300
300
300
299
299
296
294
294
294
294
290
287
287
287
287
287
284
282
282
282
282
280
277
277
277
276
276
272
271
271
271
272
271
268
269
269
269
269
266
265
266
266
266
266
264
265
265
265
266
264
264
265
266
267
267
266
267
268
269
269
268
269
271
272
273
273
271
274
276
277
278
277
278
281
282
283
282
281
284
286
288
289
289
289
291
293
295
294
294
297
300
302
301
300
300
303
305
307
306
306
308
310
312
310
310
310
313
315
316
316
315
315
318
320
318
318
317
320
322
322
321
321
320
322
323
321
321
320
322
323
323
322
321
320
321
322
320
319
318
319
320
320
318
316
316
317
317
314
312
311
312
312
311
309
307
308
309
309
305
303
301
301
301
301
299
297
297
297
296
293
290
291
291
291
290
287
284
284
284
284
282
279
279
279
279
279
276
273
273
273
273
273
270
270
270
270
270
268
266
267
267
267
267
264
265
266
266
266
266
264
265
265
266
266
264
266
267
268
268
267
266
