312
306
296
289
285
306
321
308
299
294
297
316
324
312
303
296
310
325
330
317
306
298
320
333
334
318
309
313
329
337
334
321
312
323
334
343
336
322
311
328
340
347
334
320
319
335
343
349
332
321
325
337
345
346
329
318
329
339
348
339
324
315
331
342
349
331
317
321
333
342
339
323
312
321
332
340
330
316
305
318
331
338
320
307
298
318
330
325
310
301
297
316
327
311
302
294
297
313
316
305
294
286
294
312
307
295
288
281
292
310
297
288
282
277
291
300
289
283
278
272
291
293
285
278
272
270
295
288
280
275
272
274
295
284
278
274
271
282
291
283
278
273
269
293
291
284
276
273
282
303
290
283
279
276
295
302
293
287
282
283
304
307
298
290
284
295
316
311
299
292
288
310
324
312
303
297
303
320
331
317
307
299
313
328
337
321
310
303
323
335
338
321
312
317
331
340
338
324
314
324
335
344
338
324
312
329
340
348
336
322
319
335
343
348
333
320
325
337
344
345
329
316
327
338
346
337
322
313
329
339
346
327
315
316
330
339
335
320
309
316
328
336
326
313
302
312
326
334
316
303
295
311
325
319
305
296
289
309
321
307
298
290
285
305
312
299
290
282
282
304
302
290
282
278
284
303
291
283
278
274
283
295
286
279
273
268
285
289
282
274
269
268
288
286
277
273
270
269
292
281
277
272
269
277
292
284
278
272
268
290
293
284
277
274
277
300
295
286
281
278
291
308
297
290
285
278
300
315
303
293
286
293
313
318
304
294
290
308
322
318
308
299
300
317
329
323
311
302
310
325
336
326
313
303
321
333
340
326
314
311
328
337
344
328
316
319
332
341
345
327
314
324
337
344
341
323
312
329
339
345
334
321
318
331
340
346
328
315
321
333
342
337
321
308
323
334
341
325
313
303
322
332
333
317
306
303
319
330
323
309
298
300
318
330
311
298
291
303
318
314
299
292
286
299
312
304
294
286
279
294
310
296
286
279
273
295
299
286
279
275
271
294
289
281
276
271
271
293
285
278
272
267
274
292
282
275
269
267
282
287
278
274
270
266
288
285
278
275
270
276
296
287
280
274
270
290
298
288
280
277
279
301
300
291
285
281
291
308
305
296
288
282
302
319
308
298
291
296
316
325
310
300
295
309
323
327
314
305
299
316
329
332
317
306
309
325
336
332
316
307
320
332
339
332
318
308
326
335
343
332
319
314
328
339
346
330
315
319
334
342
342
324
313
324
334
341
335
320
309
325
335
343
328
314
310
327
337
337
319
307
312
326
335
325
311
302
310
323
332
316
304
294
307
322
320
306
294
287
308
322
307
295
287
287
306
311
297
288
282
282
300
301
290
283
275
279
300
292
282
274
270
280
296
283
275
271
267
280
286
278
273
268
263
281
283
275
269
264
261
288
280
271
266
264
273
287
276
272
268
264
280
286
278
274
267
265
291
289
280
272
270
282
302
290
281
277
272
293
306
294
287
280
282
302
310
298
289
282
298
315
312
299
290
290
310
322
313
302
295
304
317
328
320
307
297
311
324
334
320
307
301
321
331
338
319
308
313
327
334
335
319
308
318
329
337
334
318
305
321
333
340
328
312
313
327
336
341
321
309
316
328
335
331
315
303
317
328
336
322
307
299
317
328
329
312
300
301
317
326
317
304
294
300
315
324
307
295
285
300
314
309
295
285
278
299
313
298
286
279
275
296
302
289
280
274
272
293
292
282
274
267
272
294
284
273
269
264
275
288
276
269
266
262
277
281
273
269
263
258
281
279
272
265
261
265
288
276
269
265
263
276
285
276
271
267
263
286
288
280
274
269
277
299
291
282
275
272
291
307
293
285
280
280
302
310
298
290
284
296
313
312
301
292
288
310
324
315
303
294
303
320
330
319
307
299
314
326
335
321
310
304
321
333
342
322
310
313
329
339
339
322
311
324
335
341
338
323
311
327
336
344
335
320
317
331
341
347
328
314
321
335
342
339
322
311
324
335
341
331
317
308
324
335
340
322
309
308
325
335
328
313
303
309
324
333
317
306
297
309
322
321
308
298
289
306
320
311
299
290
284
305
317
301
291
286
281
302
304
293
287
281
281
301
296
287
281
275
282
302
290
281
276
274
286
294
284
279
276
272
288
289
284
278
273
270
296
289
282
276
273
283
298
288
281
278
274
295
297
289
284
281
284
304
299
293
287
282
299
316
304
296
289
288
311
319
306
298
294
303
321
321
310
303
296
317
330
325
315
305
309
327
338
329
317
308
322
335
344
330
320
311
331
341
349
333
322
322
336
347
350
333
320
331
343
351
347
331
321
337
347
353
343
329
326
340
348
355
338
325
330
342
351
348
332
319
334
345
353
338
325
319
336
344
347
331
319
319
334
343
338
323
312
318
333
343
327
313
306
318
332
331
316
307
300
319
331
319
308
301
296
315
324
311
302
293
295
315
314
302
295
290
296
314
303
296
291
286
295
308
298
292
285
281
297
302
293
286
282
280
300
297
289
285
283
281
303
294
289
285
280
290
302
295
289
284
280
302
303
295
288
285
290
312
304
296
293
289
303
319
307
301
295
290
313
324
312
303
297
305
325
327
314
306
301
320
332
327
317
310
310
327
339
334
322
312
319
336
345
336
323
314
330
342
349
336
325
320
337
346
353
338
327
328
341
350
355
336
324
333
346
353
351
334
323
338
348
354
345
332
327
340
349
356
340
326
329
342
351
348
331
320
331
343
350
336
323
314
332
341
344
327
317
314
329
339
334
319
307
311
328
339
320
308
300
312
326
322
309
301
294
309
322
312
302
294
286
306
317
303
294
286
282
305
306
293
287
283
283
303
296
288
282
278
283
300
291
283
277
274
286
295
286
279
274
272
291
290
282
277
274
272
296
287
282
278
273
283
297
289
282
276
272
294
299
290
282
279
284
305
299
291
286
282
297
313
304
296
289
283
307
321
307
298
292
300
319
324
310
301
296
314
326
327
315
306
305
321
334
332
318
308
315
331
340
333
318
309
326
337
344
333
321
316
332
341
349
334
322
323
337
346
350
332
318
328
341
348
343
327
317
335
343
348
337
325
322
335
343
349
331
318
323
337
345
339
322
312
326
338
344
327
316
309
326
336
335
321
310
307
323
334
325
312
301
306
324
329
313
302
295
308
322
315
303
297
290
304
319
306
299
290
283
302
310
298
289
282
278
302
300
289
284
280
282
302
291
284
280
275
281
296
288
281
275
271
287
292
284
277
273
270
294
287
280
276
273
278
295
286
280
275
271
288
296
288
281
275
276
300
297
288
281
276
291
308
298
290
285
279
300
315
303
293
287
290
312
319
305
294
288
306
321
321
307
298
296
316
326
324
312
302
308
322
333
327
314
303
316
330
339
327
313
307
326
336
342
326
315
318
331
338
345
328
315
322
334
343
341
323
311
328
339
346
333
320
317
332
340
346
328
316
321
332
340
337
322
309
322
334
343
327
313
304
323
334
334
317
307
304
321
331
322
310
301
302
319
328
313
301
291
301
318
315
301
292
286
300
314
303
293
288
281
295
307
295
288
280
275
295
298
288
280
274
273
296
290
281
275
273
276
295
283
278
273
269
278
290
281
275
269
266
286
286
278
271
269
269
293
284
276
273
269
281
292
284
278
274
268
293
294
285
279
272
282
302
296
285
280
275
294
309
297
288
283
283
303
314
300
290
283
297
313
315
302
292
286
308
320
318
303
295
300
315
325
319
306
297
307
321
330
320
307
296
315
327
335
319
306
305
322
330
336
317
305
313
324
331
331
315
302
315
326
334
326
309
303
318
329
336
316
303
308
321
330
325
309
298
309
321
328
316
302
290
309
321
325
306
294
289
308
319
312
297
287
289
306
316
300
288
279
289
304
304
290
281
272
286
302
293
281
272
267
284
297
282
273
268
262
282
285
275
268
262
255
281
278
269
261
256
260
284
271
263
258
256
263
276
267
262
257
253
268
273
265
260
255
251
278
272
263
257
254
264
281
270
264
260
256
276
281
272
266
261
264
286
284
275
269
263
279
298
290
280
273
269
293
308
293
284
278
288
305
310
297
289
281
301
315
316
303
293
292
312
324
320
306
297
307
321
330
322
310
300
315
327
335
325
311
305
322
333
341
325
311
314
328
337
342
323
312
320
331
338
336
320
308
324
335
342
330
315
312
328
338
341
322
309
316
329
336
330
316
305
316
327
335
321
309
297
315
326
330
312
299
294
313
325
316
302
294
295
313
320
304
294
287
292
309
309
297
287
280
290
308
299
287
280
276
290
303
289
282
277
272
288
292
284
277
271
266
290
287
280
272
268
266
292
283
275
272
268
272
289
280
275
271
266
281
287
280
275
269
265
293
288
280
274
271
282
300
288
281
278
274
292
302
292
286
281
280
302
306
297
289
282
294
313
310
299
291
286
309
323
311
302
295
302
318
330
316
305
297
312
326
336
320
307
302
323
333
336
321
310
315
329
337
336
322
312
322
333
343
338
322
310
328
339
345
334
319
318
332
341
346
329
316
325
335
342
341
325
312
325
336
344
333
317
311
327
338
343
323
311
315
328
337
330
315
306
314
326
336
321
308
298
313
325
327
311
299
292
312
325
312
300
292
293
311
317
303
294
287
289
307
308
296
287
280
288
306
298
287
281
276
288
301
288
282
277
272
287
293
284
278
272
268
290
289
280
274
270
271
295
285
277
274
271
280
291
282
277
274
269
289
290
283
278
272
277
301
292
284
278
276
292
304
292
286
282
279
302
306
297
290
285
293
312
311
302
293
286
306
322
313
302
294
301
318
330
315
305
298
311
324
334
320
308
299
319
332
337
320
308
311
328
337
336
320
310
321
333
340
335
320
309
326
335
343
333
319
314
329
339
345
327
314
319
333
340
339
321
310
323
333
340
331
316
309
324
334
341
322
308
310
324
334
328
312
301
312
325
332
317
303
295
310
321
323
308
297
286
307
320
310
297
286
291
308
313
299
288
282
287
304
301
291
283
276
283
301
293
284
276
270
284
298
286
276
270
267
285
288
279
272
269
264
286
282
276
271
266
264
290
281
274
268
264
276
288
278
271
268
266
286
285
278
274
269
273
295
287
280
275
271
286
300
290
282
276
274
299
303
291
286
282
290
308
306
297
291
284
302
318
310
300
291
295
315
328
313
302
295
311
324
330
315
306
301
320
331
332
318
308
312
326
337
335
320
309
321
334
342
334
319
309
328
338
343
333
319
319
331
340
347
331
317
322
334
343
342
325
312
327
338
344
333
319
313
330
337
343
325
313
316
328
338
333
318
305
316
328
338
322
308
298
316
328
328
312
302
295
314
325
316
304
294
297
313
320
305
294
286
295
313
308
295
287
281
294
310
297
288
282
276
292
300
290
283
276
269
293
293
284
276
271
272
296
286
277
273
269
275
290
281
276
272
268
281
287
280
274
269
266
293
285
278
273
270
282
295
283
278
275
272
293
295
287
282
277
283
304
298
290
284
278
297
315
301
292
286
287
310
318
305
295
291
304
319
318
307
299
295
314
328
322
310
301
307
324
335
325
312
305
318
332
339
327
315
309
326
