326
326
329
331
330
329
329
330
332
333
332
331
330
332
334
333
332
331
331
333
334
332
331
330
332
333
332
330
330
330
331
332
329
328
327
328
329
328
325
324
324
325
325
323
321
319
320
320
320
316
314
314
315
315
313
310
309
309
309
309
306
303
304
304
304
302
299
298
298
298
298
295
292
292
292
292
292
289
288
288
288
287
286
283
284
284
284
284
282
281
281
282
282
282
278
279
280
280
281
279
279
280
280
281
281
279
280
281
282
283
282
282
283
284
285
286
285
286
288
289
290
289
289
292
294
295
295
294
296
298
300
301
300
300
303
305
306
306
306
307
309
311
313
312
311
313
316
318
317
316
315
318
319
319
318
317
317
319
321
320
319
319
321
323
324
323
322
322
325
327
326
325
324
326
328
328
326
326
325
327
328
327
326
326
326
327
328
326
325
324
325
326
325
323
322
322
323
323
320
319
318
319
319
317
315
314
315
315
315
312
310
309
309
309
307
305
303
303
303
303
300
297
298
298
298
296
292
291
291
291
291
289
286
286
286
286
285
282
281
281
281
281
279
276
276
277
277
276
274
273
273
274
274
273
270
271
271
272
272
271
270
271
272
272
273
271
272
273
274
274
273
273
275
276
277
277
276
278
279
280
282
280
281
283
285
286
286
285
287
289
291
292
291
292
294
296
298
297
297
298
301
302
303
303
303
306
308
310
309
308
310
312
314
315
314
314
316
318
320
319
318
318
321
323
323
322
322
323
325
326
325
324
324
326
328
327
326
325
326
328
329
327
326
325
326
328
327
325
324
324
326
326
324
323
322
323
323
323
321
319
319
320
320
318
316
314
315
316
315
312
310
310
311
311
308
306
305
305
305
304
300
298
299
298
298
297
294
293
293
293
293
290
287
288
288
287
286
283
282
282
282
282
279
277
277
277
277
277
274
274
274
274
275
273
271
272
272
273
273
271
271
271
272
272
272
270
271
272
273
273
272
272
274
275
276
276
275
277
278
279
280
278
279
281
283
284
284
283
285
287
289
289
288
289
292
293
295
294
294
296
298
299
300
300
300
303
305
307
306
305
306
309
311
311
310
310
312
315
316
315
315
316
318
320
320
319
319
321
323
324
323
322
322
324
326
325
324
323
324
326
327
325
325
324
326
327
326
325
324
324
326
326
324
323
322
323
324
323
321
320
320
321
322
319
317
316
317
317
316
313
312
312
312
312
310
308
306
306
306
306
303
301
301
300
300
298
295
294
295
295
294
290
288
289
289
289
287
284
283
283
283
283
280
278
278
278
278
278
275
274
275
275
275
273
271
272
272
272
273
270
271
271
272
272
271
270
271
272
272
273
270
271
272
273
274
273
273
274
275
277
278
276
278
280
281
282
281
281
284
285
287
287
286
288
290
292
293
292
293
295
297
299
299
298
300
302
304
305
304
304
306
309
311
310
310
310
313
316
316
316
315
317
319
321
320
319
319
321
323
324
322
322
322
325
326
325
324
324
325
327
327
326
325
325
326
328
326
325
324
325
327
327
325
323
323
324
325
323
321
320
321
322
321
319
318
317
318
318
316
314
312
313
313
312
309
307
307
307
307
305
303
301
301
301
301
298
295
296
296
295
293
290
290
290
290
290
287
284
284
284
284
283
280
279
279
279
279
277
275
275
276
276
275
273
272
273
273
273
272
270
271
271
272
272
270
270
271
272
272
272
270
272
273
274
274
272
273
275
276
277
276
276
278
279
280
282
280
281
283
285
286
286
285
287
289
291
292
291
292
294
296
297
296
296
298
301
302
302
302
303
306
308
309
308
308
310
312
314
314
313
313
316
318
319
318
317
318
321
323
322
321
321
323
324
325
324
323
323
326
327
326
325
324
325
327
327
325
324
324
326
327
325
324
323
324
325
325
323
322
321
322
323
321
320
318
319
319
319
317
315
314
315
315
313
311
309
310
310
310
307
305
305
305
304
303
300
299
299
298
298
296
293
293
293
293
292
288
287
287
287
287
285
282
282
282
282
281
279
278
278
278
278
276
274
274
274
274
274
272
272
272
273
273
272
270
271
272
273
273
271
271
272
273
273
274
272
274
275
276
276
275
276
277
279
280
279
279
281
283
284
285
284
285
287
289
291
290
289
292
294
295
296
296
297
299
301
303
302
301
303
305
307
307
306
306
309
311
313
311
311
312
314
316
316
315
315
317
319
320
319
318
319
321
323
323
322
321
322
325
326
324
323
323
325
326
325
324
324
324
326
326
325
324
323
325
325
324
323
322
322
323
323
321
319
319
320
320
318
316
315
316
316
316
313
311
310
311
311
309
307
305
305
305
305
302
300
299
299
299
298
295
293
293
293
293
290
287
288
288
288
286
283
282
282
281
281
279
276
276
276
276
276
273
272
272
272
272
271
268
269
269
270
270
268
268
269
269
269
269
268
269
270
271
271
270
271
272
273
274
274
273
275
277
278
279
277
279
281
282
283
283
282
285
287
288
289
288
289
292
293
295
294
293
296
298
299
300
299
300
303
305
306
306
305
307
310
312
311
311
311
314
316
317
317
316
317
320
322
321
321
320
322
324
325
324
323
324
326
328
327
326
325
326
328
328
327
326
326
327
329
328
326
325
326
327
327
326
325
324
325
326
324
322
321
322
323
322
320
318
318
318
319
317
315
313
314
314
313
310
308
308
308
308
306
304
302
302
302
302
298
296
296
296
296
294
291
290
290
290
290
287
285
285
285
285
284
281
280
280
280
280
278
275
276
276
276
276
273
273
273
273
274
273
270
271
272
272
273
271
271
271
272
273
273
271
272
273
274
275
273
274
275
276
277
277
276
279
280
281
282
281
282
284
286
287
287
286
288
290
292
293
292
293
295
297
299
298
297
299
302
303
304
303
304
307
309
311
309
309
310
313
315
315
314
314
316
318
320
319
318
319
321
323
323
322
322
323
325
326
325
324
324
326
327
327
325
325
325
327
328
326
325
325
327
328
327
325
324
325
326
326
324
323
322
323
323
322
320
319
319
320
320
317
315
314
315
315
313
311
309
310
310
310
307
305
305
305
304
303
300
298
298
298
298
295
293
293
293
293
292
289
287
287
287
287
285
282
282
282
282
282
279
278
278
278
277
276
273
274
274
274
274
272
271
272
273
273
273
270
271
272
272
273
271
271
272
273
273
274
272
274
275
276
277
276
276
278
279
280
280
279
281
283
284
286
284
285
288
289
291
290
290
292
294
296
297
296
297
299
301
303
302
302
304
306
308
308
308
308
310
313
314
313
313
314
317
319
318
318
317
319
321
322
321
321
321
324
326
325
324
324
325
327
328
327
326
325
327
329
328
326
326
326
328
328
327
326
325
326
327
326
325
324
324
325
325
323
321
320
321
322
320
318
316
317
317
317
314
313
312
312
312
311
308
306
307
306
306
303
301
301
301
301
299
296
295
295
295
294
292
289
289
289
289
288
285
284
284
284
283
282
279
279
279
279
279
276
275
275
276
276
275
272
273
273
274
274
272
271
272
273
273
273
271
272
273
273
274
272
273
274
275
276
276
274
276
278
279
280
278
279
281
283
284
283
283
285
287
288
289
288
289
291
293
295
294
294
296
298
300
301
300
301
304
306
307
306
306
308
310
312
312
311
311
313
316
317
316
316
317
319
321
321
321
320
321
324
325
324
323
323
325
327
327
325
325
325
327
329
327
326
325
327
328
328
326
325
325
327
328
326
324
323
324
325
324
322
321
321
322
323
320
319
317
318
318
317
315
313
313
314
314
312
309
308
308
308
308
305
302
303
303
303
300
298
297
297
297
296
293
291
291
291
291
289
286
285
285
285
285
283
280
280
280
280
280
277
276
277
277
276
275
273
273
274
274
274
272
272
272
272
273
272
271
272
272
273
273
271
272
273
274
275
274
273
275
276
277
278
277
278
280
281
282
281
281
283
285
287
287
286
288
290
292
293
292
292
294
296
298
298
298
299
302
303
305
304
304
306
309
310
310
309
310
313
315
316
315
315
316
319
321
320
319
319
321
324
324
323
323
323
326
327
326
325
325
326
328
328
327
326
326
328
329
328
327
326
327
328
328
326
325
325
326
327
325
323
322
323
323
323
321
319
319
319
320
318
316
314
315
315
315
312
310
310
310
310
308
306
304
304
304
303
300
298
298
298
298
296
293
292
292
292
292
289
286
287
287
287
286
282
281
281
281
281
279
277
277
277
277
277
274
274
274
274
274
273
271
272
272
273
273
271
271
272
272
273
272
271
272
273
274
274
273
274
275
276
277
276
276
278
279
281
282
280
281
283
285
286
286
285
288
290
291
292
291
292
295
296
298
297
297
299
301
303
303
303
303
306
308
310
309
308
310
313
315
314
313
314
316
318
319
318
318
319
321
323
322
322
321
323
325
326
325
324
324
327
329
327
326
325
327
328
329
327
326
326
327
328
327
326
325
325
326
326
324
323
322
323
324
323
321
319
320
321
320
318
316
315
316
316
315
312
310
311
311
311
309
307
306
306
306
305
302
300
300
300
300
298
295
295
295
295
294
290
289
289
289
289
287
284
284
284
284
284
281
280
280
280
280
279
276
276
277
277
277
274
274
274
275
275
274
272
273
273
274
274
273
273
274
274
275
275
273
275
276
277
277
276
276
278
279
280
280
279
281
283
284
285
284
285
287
289
290
289
289
291
293
294
295
295
295
298
300
302
301
300
302
305
306
307
306
306
309
311
313
312
311
313
315
317
317
317
316
318
320
322
321
320
321
323
325
325
324
323
325
327
328
326
326
325
327
329
328
327
326
327
328
329
327
326
325
327
328
327
325
324
325
326
326
324
322
322
323
323
321
319
318
319
319
319
316
314
314
314
314
313
310
308
308
309
308
305
303
303
303
303
302
299
297
298
297
297
294
292
292
292
291
290
287
286
286
286
285
283
280
281
281
281
281
277
277
277
277
277
276
273
273
274
274
274
272
272
272
272
273
273
271
272
273
273
274
272
272
273
274
275
275
274
276
277
278
279
277
278
280
281
282
282
281
284
285
287
288
287
288
291
293
294
293
293
295
297
299
299
299
300
302
304
306
305
305
307
309
311
311
310
311
313
315
316
316
315
317
319
321
320
320
319
322
324
324
323
323
324
326
328
326
326
325
327
328
328
327
326
326
328
329
327
326
326
327
328
328
326
325
325
326
327
325
324
323
324
324
323
321
320
320
320
321
319
317
315
316
316
315
312
310
311
311
311
309
306
305
305
305
304
301
299
299
299
299
297
294
293
293
293
293
290
288
288
288
288
286
283
282
282
282
282
280
278
278
278
278
278
275
275
275
275
275
274
272
273
273
274
274
271
272
272
273
273
273
272
273
274
274
275
273
275
276
277
277
277
277
278
279
281
281
280
282
283
285
286
285
285
288
290
291
291
291
292
295
296
298
297
297
300
302
303
303
303
304
307
309
310
309
309
311
313
315
314
314
314
317
319
320
319
318
320
322
324
322
322
322
324
326
326
325
324
325
327
329
328
327
326
328
329
329
327
326
327
328
329
327
326
326
327
328
327
325
324
324
325
325
323
322
320
321
322
320
