308
310
299
289
286
308
319
305
293
286
293
310
316
301
293
286
296
311
311
300
291
283
299
314
309
297
287
283
304
318
304
292
286
290
308
315
301
293
286
293
309
313
300
291
283
298
315
308
296
287
283
304
318
303
293
287
293
309
312
300
291
284
299
314
309
298
288
284
305
320
305
294
286
294
312
316
301
293
285
300
314
311
300
291
285
306
321
309
297
288
294
312
321
305
294
288
301
315
317
303
295
287
303
317
313
302
292
286
307
321
312
299
290
294
312
323
307
299
290
299
314
320
306
296
288
302
317
316
304
293
288
309
322
311
298
290
299
315
319
304
295
288
304
317
313
301
292
291
309
322
308
297
288
297
314
319
303
293
287
303
316
311
299
292
287
307
319
307
297
288
293
311
318
303
293
286
299
314
313
300
292
286
303
315
308
298
290
286
306
320
305
295
286
290
310
317
302
290
285
297
312
311
298
291
284
300
313
307
297
288
284
305
320
305
294
285
292
310
313
300
289
284
299
313
307
296
289
282
303
317
304
294
286
291
309
316
301
291
284
299
314
311
298
290
284
305
317
308
298
290
291
308
322
307
296
287
296
313
318
303
293
286
300
316
314
301
293
287
305
318
312
301
292
291
310
323
310
298
289
297
314
323
306
296
289
300
315
317
304
294
286
305
319
313
300
290
292
311
324
308
296
288
300
315
317
302
294
286
305
318
312
299
291
290
309
321
307
295
287
296
312
318
302
292
286
302
316
310
298
290
285
305
318
306
296
288
288
308
319
304
293
285
294
310
313
299
291
284
298
312
309
297
289
281
301
315
306
295
286
283
305
318
303
291
285
290
308
313
299
290
283
297
311
308
297
288
278
297
311
298
285
276
280
300
306
292
282
275
290
305
300
288
281
274
294
308
298
287
279
280
300
311
295
284
276
290
306
305
291
283
276
297
309
301
291
283
282
300
314
300
289
280
287
305
312
297
286
280
294
309
306
293
286
278
299
311
304
292
284
284
303
315
302
290
281
288
306
314
298
287
280
296
309
306
295
286
281
300
313
303
291
281
288
306
314
297
287
279
295
310
306
292
284
282
301
314
300
290
282
287
304
311
296
286
277
293
309
305
290
282
278
299
311
298
287
281
284
301
311
296
287
278
286
304
308
294
283
275
292
308
302
289
281
275
296
308
297
288
280
280
298
310
296
286
277
284
303
308
293
282
277
292
308
300
288
280
277
298
310
295
286
278
286
302
304
292
282
274
294
308
300
287
279
280
301
311
294
284
278
287
303
305
292
283
275
294
308
302
289
280
281
301
313
297
285
279
290
306
308
294
285
279
294
307
305
294
284
277
299
312
302
290
281
285
304
315
298
287
280
294
307
309
295
286
278
295
310
306
293
284
278
300
313
302
289
280
288
305
313
296
286
279
295
308
306
293
284
279
299
313
301
289
279
287
304
311
295
284
277
294
307
303
290
282
275
297
309
300
288
280
282
300
310
295
284
275
288
304
305
290
281
274
291
305
299
287
280
272
294
307
297
285
276
278
299
308
292
282
275
284
301
303
289
281
275
289
304
299
289
280
272
292
308
296
285
276
279
299
307
291
281
275
288
303
300
287
280
273
293
307
297
286
278
280
300
308
294
283
276
288
305
304
290
281
275
295
308
300
288
280
281
300
312
297
287
277
287
305
308
295
284
276
295
309
304
291
283
278
299
311
303
291
282
284
302
315
300
289
279
291
308
312
295
285
278
297
310
306
294
285
281
300
312
303
291
282
288
305
314
297
286
278
295
310
306
292
283
281
302
312
299
289
281
288
304
312
297
287
278
293
309
307
292
282
275
298
311
300
289
280
284
302
310
295
285
279
290
306
305
293
283
275
294
309
302
289
281
275
298
309
297
286
281
282
300
309
295
285
277
285
303
305
292
282
276
291
307
301
289
281
274
295
307
299
288
279
281
299
308
294
284
276
289
305
303
289
280
274
296
310
297
285
278
284
301
306
292
284
276
289
305
303
290
280
275
297
311
299
287
279
285
303
309
293
285
278
293
307
305
293
284
276
296
312
304
292
282
281
302
314
300
288
282
290
306
313
297
288
281
294
309
309
295
286
277
299
312
306
292
283
283
303
315
301
290
282
291
306
311
297
287
278
296
310
306
294
284
282
302
315
300
287
280
291
307
309
294
285
278
296
309
303
292
283
279
299
313
299
287
278
287
305
307
293
283
276
295
308
301
289
281
276
297
310
299
287
279
280
300
310
296
284
276
287
303
305
290
282
275
291
305
300
289
280
273
293
307
298
287
277
278
298
311
295
283
276
286
304
303
290
282
276
291
306
299
288
280
276
298
311
295
285
276
286
304
305
290
281
276
294
309
299
289
280
278
298
311
297
287
278
285
305
308
293
283
276
296
310
302
289
282
280
300
311
299
289
282
285
302
313
298
287
278
291
307
310
295
285
278
299
312
305
292
285
283
301
313
302
291
283
287
305
315
300
288
279
293
310
309
294
284
279
300
312
302
291
283
287
303
314
299
289
280
292
308
309
295
284
276
299
312
302
289
282
285
304
313
298
287
280
290
306
307
294
284
275
296
311
301
289
279
282
301
312
295
286
278
287
302
305
293
284
276
290
306
302
290
280
273
297
310
297
285
278
279
300
309
293
284
278
286
302
304
293
283
274
291
307
300
288
278
277
299
311
294
283
277
288
304
301
289
281
275
295
308
298
288
279
281
301
309
294
284
276
291
307
304
289
281
275
298
310
298
288
280
286
303
309
295
286
277
292
308
306
293
284
275
298
311
303
290
282
283
302
313
300
289
281
288
305
312
297
286
278
295
310
308
292
283
278
300
312
302
291
283
285
302
315
299
288
280
292
308
309
295
285
276
299
313
303
290
282
288
304
314
296
288
280
294
308
307
294
284
277
299
313
303
289
280
285
304
313
296
285
279
292
308
304
291
283
276
296
310
300
289
280
281
300
312
297
285
277
286
304
306
291
283
276
291
305
301
290
282
274
292
308
299
287
278
276
298
311
295
284
278
284
301
305
291
283
276
290
305
300
289
280
272
294
310
297
285
277
283
302
306
291
282
276
292
306
300
289
281
277
296
310
297
287
278
283
303
308
294
283
277
291
308
303
290
282
279
299
311
299
289
281
286
302
311
297
287
279
291
307
309
295
285
278
297
310
304
292
284
282
301
313
302
291
282
287
305
314
298
287
279
293
310
310
294
285
278
299
311
302
292
283
285
302
316
299
289
279
292
308
309
295
284
276
300
313
302
289
282
287
304
312
297
287
280
293
306
307
294
285
275
298
311
300
288
279
285
303
311
295
286
278
290
305
305
293
284
276
292
308
302
290
280
275
297
311
297
286
278
282
300
307
292
284
277
287
302
303
291
282
274
290
306
301
288
279
272
296
310
294
284
277
283
301
305
292
283
275
291
306
299
288
280
276
298
311
297
284
277
286
304
306
292
283
277
292
307
302
290
282
276
298
312
299
287
278
286
305
309
295
283
278
294
309
305
292
283
277
297
310
302
291
282
283
302
314
299
287
279
290
307
312
295
286
278
296
309
306
294
284
278
298
311
303
291
282
285
304
315
298
286
278
293
308
307
293
284
277
298
311
302
290
282
285
302
313
298
286
277
292
308
307
292
282
275
299
311
299
287
280
285
302
309
295
285
277
292
306
303
290
280
272
296
309
297
285
277
279
299
309
293
283
276
283
299
304
291
281
273
287
304
300
287
277
271
293
307
295
284
277
276
296
309
293
284
276
282
300
304
290
280
272
289
305
298
285
276
274
296
309
291
281
274
283
300
300
288
279
271
289
304
296
285
277
276
297
308
293
281
275
287
304
303
290
281
274
294
307
299
288
280
280
299
313
297
286
277
287
304
310
294
284
278
294
308
306
293
285
278
298
311
304
292
283
285
304
316
301
289
281
292
309
312
297
287
280
297
310
308
295
286
283
303
316
303
291
282
292
309
313
298
287
280
301
314
306
295
286
288
306
317
302
291
284
294
310
313
299
289
281
301
316
308
295
286
288
307
320
302
293
287
297
312
314
302
293
284
301
316
311
300
290
283
306
320
307
296
290
293
311
319
305
296
290
298
313
315
304
295
287
303
319
314
301
292
287
309
323
310
299
293
296
314
319
307
298
290
303
319
316
304
296
288
311
325
311
300
292
300
318
320
307
298
293
309
321
316
305
297
293
313
327
313
303
294
302
321
324
309
300
293
312
325
318
306
299
297
315
327
316
307
298
300
318
331
315
304
296
307
323
326
310
302
296
313
325
320
309
301
296
315
327
319
307
298
300
319
331
315
303
296
308
323
324
310
301
295
314
325
319
308
300
299
317
330
316
304
295
306
323
325
309
300
294
314
325
317
306
299
297
315
327
315
304
295
301
319
324
310
299
291
309
323
317
304
296
291
312
324
312
303
295
296
314
325
311
301
293
300
318
320
307
296
291
307
322
314
302
295
290
311
323
311
301
294
295
313
322
309
298
291
301
319
317
303
294
289
308
321
310
301
294
294
312
321
307
298
291
300
318
317
304
294
287
310
323
311
299
293
295
314
322
307
299
291
302
317
318
306
296
288
309
325
313
301
292
298
316
326
309
299
293
305
319
320
308
299
291
308
322
319
306
297
293
313
326
315
302
294
301
318
327
310
301
295
306
320
322
309
299
291
309
324
318
305
295
297
316
328
312
301
294
306
321
321
308
299
292
310
323
316
305
296
297
316
327
312
300
292
304
320
322
307
298
292
309
322
315
304
296
295
314
327
311
301
292
301
318
321
307
296
290
305
320
315
303
295
290
309
320
311
302
294
293
312
323
308
298
290
299
316
319
305
295
290
304
319
314
304
296
289
308
321
311
301
293
294
313
321
308
297
289
303
319
315
302
294
288
310
321
311
300
293
297
313
320
308
298
289
303
319
317
304
294
288
311
324
311
301
294
299
316
321
308
299
292
304
319
318
306
296
288
309
324
316
303
294
296
315
326
311
301
294
303
317
323
309
301
293
306
322
321
307
296
289
312
325
315
303
296
298
315
326
311
302
294
304
319
323
308
298
290
309
324
317
304
295
298
317
327
310
300
293
305
319
321
307
298
291
309
322
315
304
294
294
314
327
309
298
290
302
318
318
303
295
288
309
320
311
301
293
292
310
323
308
297
289
295
314
319
304
294
288
302
316
312
300
292
286
304
317
308
297
289
288
309
319
305
294
286
295
313
315
301
292
286
302
316
308
299
291
288
308
321
306
297
288
296
315
315
302
292
285
305
319
308
296
290
290
309
319
304
295
287
296
312
315
302
292
284
303
317
310
296
288
290
309
320
304
294
287
296
311
315
302
293
285
301
315
312
300
289
284
306
318
308
296
288
291
309
320
304
294
287
296
311
316
303
292
283
300
315
313
299
289
285
307
318
306
294
286
293
309
317
301
292
284
299
313
310
297
287
285
306
318
304
292
284
295
310
313
298
289
282
300
312
306
295
286
283
302
315
301
290
281
289
307
310
295
285
278
295
309
304
291
284
277
298
310
301
291
282
281
301
313
297
287
278
287
305
307
292
283
278
293
307
