1696,420
1697,335
1698,269
1699,217
1700,175
1701,141
1702,250
1703,392
1704,506
1705,601
1706,677
1707,739
1708,788
1709,829
1710,836
1711,672
1712,540
1713,434
1714,348
1715,279
1716,225
1717,181
1718,145
1719,228
1720,372
1721,492
1722,586
1723,666
1724,730
1725,783
1726,825
1727,860
1728,694
1729,557
1730,448
1731,360
1732,289
1733,232
1734,187
1735,151
1736,202
1737,351
1738,475
1739,574
1740,655
1741,721
1742,775
1743,819
1744,855
1745,718
1746,577
1747,463
1748,371
1749,299
1750,239
1751,193
1752,155
1753,178
1754,332
1755,457
1756,560
1757,643
1758,712
1759,768
1760,813
1761,849
1762,742
1763,595
1764,478
1765,385
1766,307
1767,248
1768,199
1769,161
1770,147
1771,310
1772,440
1773,546
1774,632
1775,703
1776,760
1777,807
1778,845
1779,769
1780,617
1781,495
1782,398
1783,319
1784,257
1785,206
1786,166
1787,134
1788,288
1789,422
1790,531
1791,619
1792,692
1793,752
1794,801
1795,840
1796,791
1797,637
1798,513
1799,411
1800,330
1801,264
1802,213
1803,172
1804,138
1805,264
1806,403
1807,515
1808,607
1809,682
1810,743
1811,794
1812,835
1813,821
1814,659
1815,530
1816,425
1817,341
1818,273
1819,221
1820,178
1821,145
1822,240
1823,385
1824,500
1825,595
1826,672
1827,737
1828,787
1829,828
1830,850
1831,682
1832,547
1833,440
1834,352
1835,283
1836,228
1837,183
1838,148
1839,217
1840,365
1841,483
1842,581
1843,662
1844,727
1845,780
1846,823
1847,857
1848,705
1849,566
1850,454
1851,365
1852,293
1853,235
1854,190
1855,153
1856,191
1857,344
1858,467
1859,569
1860,650
1861,717
1862,772
1863,817
1864,852
1865,728
1866,585
1867,469
1868,378
1869,302
1870,243
1871,195
1872,157
1873,164
1874,323
1875,450
1876,554
1877,638
1878,708
1879,764
1880,811
1881,847
1882,751
1883,606
1884,486
1885,390
1886,312
1887,251
1888,202
1889,163
1890,128
1891,302
1892,432
1893,540
1894,628
1895,699
1896,758
1897,804
1898,843
1899,779
1900,626
1901,503
1902,404
1903,323
1904,260
1905,209
1906,168
1907,136
1908,278
1909,414
1910,526
1911,615
1912,688
1913,748
1914,797
1915,838
1916,805
1917,646
1918,520
1919,417
1920,335
1921,268
1922,216
1923,174
1924,140
1925,256
1926,395
1927,509
1928,602
1929,678
1930,740
1931,791
1932,832
1933,832
1934,666
1935,537
1936,431
1937,346
1938,277
1939,223
1940,180
1941,145
1942,230
1943,376
1944,494
1945,589
1946,667
1947,731
1948,783
1949,826
1950,861
1951,690
1952,555
1953,446
1954,358
1955,287
1956,230
1957,186
1958,149
1959,206
1960,356
1961,478
1962,575
1963,658
1964,723
1965,776
1966,820
1967,855
1968,714
1969,574
1970,461
1971,370
1972,297
1973,238
1974,192
1975,155
1976,180
1977,334
1978,461
1979,561
1980,645
1981,713
1982,768
1983,814
1984,851
1985,739
1986,594
1987,477
1988,383
1989,307
1990,247
1991,198
1992,161
1993,152
1994,314
1995,443
1996,549
1997,634
1998,704
1999,761
2000,808
2001,845
2002,766
2003,614
2004,493
2005,396
2006,318
2007,256
2008,206
2009,166
2010,133
2011,292
2012,424
2013,534
2014,621
2015,694
2016,752
2017,801
2018,840
2019,789
2020,634
2021,510
2022,409
2023,328
2024,264
2025,212
2026,171
2027,138
2028,268
2029,406
2030,519
2031,610
2032,684
2033,745
2034,793
2035,834
2036,817
2037,655
2038,527
2039,422
2040,339
2041,272
2042,219
2043,176
2044,142
2045,245
2046,388
2047,502
2048,597
2049,674
2050,737
2051,788
2052,830
2053,844
2054,677
2055,545
2056,438
2057,351
2058,281
2059,226
2060,181
2061,146
2062,221
2063,368
2064,486
2065,584
2066,662
2067,728
2068,779
2069,823
2070,859
2071,701
2072,563
2073,452
2074,363
2075,291
2076,234
2077,189
2078,153
2079,194
2080,347
2081,470
2082,570
2083,651
2084,718
2085,773
2086,817
2087,854
2088,724
2089,582
2090,467
2091,374
2092,302
2093,241
2094,195
2095,157
2096,169
2097,327
2098,453
2099,557
2100,640
2101,710
2102,765
2103,811
2104,848
2105,749
2106,601
2107,484
2108,388
2109,311
2110,250
2111,201
2112,162
2113,128
2114,305
2115,436
2116,543
2117,628
2118,699
2119,757
2120,805
2121,843
2122,775
2123,622
2124,499
2125,401
2126,322
2127,258
2128,207
2129,167
2130,136
2131,281
2132,418
2133,528
2134,617
2135,690
2136,750
2137,799
2138,838
2139,800
2140,643
2141,517
2142,415
2143,333
2144,267
2145,214
2146,173
2147,140
2148,258
2149,398
2150,511
2151,604
2152,680
2153,742
2154,790
2155,833
2156,828
2157,664
2158,534
2159,428
2160,344
2161,277
2162,222
2163,178
2164,144
2165,235
2166,379
2167,496
2168,591
2169,668
2170,732
2171,784
2172,828
2173,861
2174,687
2175,552
2176,444
2177,356
2178,284
2179,230
2180,185
2181,149
2182,209
2183,359
2184,480
2185,578
2186,659
2187,724
2188,776
2189,821
2190,856
2191,712
2192,570
2193,458
2194,368
2195,295
2196,238
2197,191
2198,154
2199,185
2200,338
2201,464
2202,565
2203,647
2204,715
2205,769
2206,815
2207,852
2208,736
2209,590
2210,476
2211,380
2212,306
2213,246
2214,198
2215,160
2216,155
2217,318
2218,446
2219,550
2220,635
2221,705
2222,762
2223,809
2224,846
2225,760
2226,610
2227,491
2228,395
2229,316
2230,254
2231,204
2232,165
2233,132
2234,295
2235,428
2236,536
2237,624
2238,695
2239,755
2240,802
2241,841
2242,785
2243,630
2244,507
2245,407
2246,327
2247,262
2248,211
2249,170
2250,138
2251,272
2252,410
2253,521
2254,612
2255,686
2256,747
2257,796
2258,836
2259,811
2260,651
2261,524
2262,421
2263,338
2264,270
2265,218
2266,176
2267,141
2268,247
2269,391
2270,506
2271,598
2272,675
2273,738
2274,789
2275,831
2276,843
2277,674
2278,543
2279,436
2280,349
2281,280
2282,226
2283,182
2284,146
2285,224
2286,371
2287,488
2288,585
2289,665
2290,728
2291,782
2292,824
2293,860
2294,697
2295,561
2296,450
2297,361
2298,289
2299,234
2300,186
2301,151
2302,199
2303,350
2304,473
2305,572
2306,654
2307,720
2308,774
2309,818
2310,855
2311,721
2312,579
2313,465
2314,373
2315,300
2316,241
2317,193
2318,156
2319,173
2320,329
2321,456
2322,559
2323,642
2324,710
2325,766
2326,812
2327,849
2328,747
2329,599
2330,482
2331,385
2332,310
2333,248
2334,201
2335,162
2336,146
2337,309
2338,437
2339,544
2340,630
2341,701
2342,759
2343,807
2344,845
2345,772
2346,618
2347,497
2348,399
2349,320
2350,257
2351,207
2352,167
2353,135
2354,285
2355,420
2356,529
2357,619
2358,691
2359,751
2360,799
2361,839
2362,797
2363,640
2364,514
2365,412
2366,331
2367,265
2368,214
2369,172
2370,139
2371,261
2372,401
2373,514
2374,605
2375,681
2376,743
2377,792
2378,834
2379,823
2380,661
2381,532
2382,427
2383,343
2384,275
2385,221
2386,178
2387,144
2388,239
2389,383
2390,498
2391,592
2392,671
2393,734
2394,785
2395,828
2396,862
2397,683
2398,549
2399,440
2400,354
2401,284
2402,228
2403,183
2404,149
2405,214
2406,362
2407,481
2408,580
2409,661
2410,725
2411,779
2412,823
2413,855
2414,708
2415,568
2416,456
2417,366
2418,294
2419,235
2420,190
2421,153
2422,188
2423,341
2424,464
2425,566
2426,648
2427,716
2428,772
2429,816
2430,852
2431,732
2432,587
2433,471
2434,378
2435,304
2436,244
2437,196
2438,157
2439,161
2440,321
2441,448
2442,552
2443,638
2444,707
2445,764
2446,810
2447,848
2448,756
2449,607
2450,488
2451,392
2452,314
2453,253
2454,203
2455,164
2456,130
2457,300
2458,431
2459,538
2460,625
2461,697
2462,755
2463,803
2464,842
2465,783
2466,627
2467,504
2468,405
2469,325
2470,260
2471,211
2472,169
2473,136
2474,275
2475,411
2476,523
2477,613
2478,688
2479,748
2480,797
2481,836
2482,809
2483,649
2484,521
2485,419
2486,336
2487,269
2488,216
2489,175
2490,141
2491,252
2492,394
2493,508
2494,600
2495,676
2496,739
2497,790
2498,832
2499,837
2500,670
2501,538
2502,433
2503,347
2504,278
2505,224
2506,180
2507,145
2508,227
2509,374
2510,491
2511,587
2512,667
2513,730
2514,784
2515,826
2516,861
2517,694
2518,558
2519,448
2520,359
2521,289
2522,232
2523,187
2524,150
2525,203
2526,354
2527,475
2528,574
2529,655
2530,721
2531,775
2532,820
2533,856
2534,717
2535,577
2536,463
2537,371
2538,298
2539,239
2540,192
2541,155
2542,176
2543,333
2544,458
2545,560
2546,644
2547,713
2548,768
2549,814
2550,851
2551,741
2552,595
2553,479
2554,384
2555,308
2556,247
2557,199
2558,160
2559,148
2560,311
2561,441
2562,546
2563,633
2564,703
2565,761
2566,808
2567,845
2568,766
2569,616
2570,494
2571,397
2572,319
2573,256
2574,205
2575,166
2576,134
2577,289
2578,423
2579,532
2580,620
2581,693
2582,752
2583,801
2584,840
2585,793
2586,636
2587,511
2588,409
2589,328
2590,265
2591,213
2592,171
2593,138
2594,266
2595,404
2596,517
2597,608
2598,683
2599,745
2600,793
2601,835
2602,820
2603,659
2604,529
2605,424
2606,341
2607,274
2608,221
2609,177
2610,141
2611,243
2612,385
2613,502
2614,595
2615,673
2616,736
2617,787
2618,829
2619,849
2620,680
2621,548
2622,439
2623,353
2624,283
2625,228
2626,183
2627,147
2628,217
2629,364
2630,484
2631,583
2632,662
2633,726
2634,780
2635,823
2636,857
2637,703
2638,564
2639,453
2640,364
2641,291
2642,234
2643,189
2644,152
2645,193
2646,344
2647,468
2648,568
2649,650
2650,718
2651,773
2652,817
2653,854
2654,727
2655,584
2656,470
2657,376
2658,302
2659,242
2660,195
2661,158
2662,166
2663,324
2664,451
2665,554
2666,639
2667,708
2668,765
2669,810
2670,848
2671,753
2672,604
2673,485
2674,389
2675,313
2676,251
2677,202
2678,162
2679,127
2680,302
2681,434
2682,540
2683,627
2684,698
2685,756
2686,805
2687,844
2688,776
2689,625
2690,502
2691,403
2692,323
2693,260
2694,209
2695,168
2696,137
2697,278
2698,414
2699,525
2700,616
2701,689
2702,749
2703,797
2704,838
2705,804
2706,645
2707,519
2708,416
2709,334
2710,268
2711,215
2712,173
2713,140
2714,255
2715,397
2716,510
2717,603
2718,679
2719,740
2720,791
2721,832
2722,831
2723,667
2724,536
2725,430
2726,345
2727,277
2728,223
2729,180
2730,144
2731,235
2732,378
2733,494
2734,590
2735,667
2736,731
2737,784
2738,826
2739,860
2740,689
2741,554
2742,445
2743,357
2744,286
2745,230
2746,185
2747,149
2748,208
2749,356
2750,478
2751,576
2752,657
2753,723
2754,776
2755,821
2756,856
2757,714
2758,573
2759,460
2760,369
2761,296
2762,238
2763,192
2764,155
2765,180
2766,336
2767,461
2768,563
2769,645
2770,714
2771,768
2772,814
2773,851
2774,737
2775,592
2776,476
2777,382
2778,307
2779,246
2780,199
2781,160
2782,153
2783,314
2784,444
2785,549
2786,635
2787,705
2788,762
2789,808
2790,846
2791,763
2792,611
2793,492
2794,395
2795,317
2796,255
2797,205
2798,166
2799,134
2800,293
2801,426
2802,534
2803,623
2804,695
2805,754
2806,802
2807,840
2808,788
2809,633
2810,509
2811,409
2812,327
2813,262
2814,212
2815,170
2816,138
2817,270
2818,407
2819,518
2820,610
2821,684
2822,745
2823,795
2824,834
2825,816
2826,654
2827,526
2828,421
2829,339
2830,272
2831,218
2832,176
2833,142
2834,246
2835,388
2836,503
2837,598
2838,673
2839,736
2840,788
2841,830
2842,844
2843,677
2844,544
2845,437
2846,351
2847,281
2848,226
2849,182
2850,147
2851,222
2852,369
2853,487
2854,585
2855,663
2856,728
2857,781
2858,824
2859,859
2860,699
2861,563
2862,453
2863,363
2864,291
2865,234
2866,188
2867,152
2868,197
2869,348
2870,470
2871,571
2872,652
2873,719
2874,774
2875,818
2876,854
2877,724
2878,582
2879,466
2880,375
2881,301
2882,242
2883,195
2884,157
2885,169
2886,328
2887,454
2888,558
2889,641
2890,709
2891,766
2892,812
2893,850
2894,749
2895,601
2896,483
2897,388
2898,310
2899,249
2900,201
2901,162
2902,137
2903,305
2904,436
2905,543
2906,629
2907,699
2908,758
2909,805
2910,844
2911,772
2912,621
2913,498
2914,401
2915,321
2916,258
2917,208
2918,169
2919,135
2920,284
2921,418
2922,529
2923,618
2924,690
2925,750
2926,799
2927,839
2928,799
2929,642
2930,516
2931,414
2932,333
2933,266
2934,214
2935,173
2936,140
2937,258
2938,400
2939,513
2940,605
2941,680
2942,741
2943,793
2944,833
2945,826
2946,664
2947,534
2948,428
2949,344
2950,276
2951,222
2952,179
2953,144
2954,236
2955,380
2956,497
2957,591
2958,669
2959,733
2960,785
2961,826
2962,862
2963,685
2964,551
2965,442
2966,355
2967,285
2968,230
2969,184
2970,149
2971,211
2972,360
2973,481
2974,578
2975,659
2976,725
2977,777
2978,821
2979,857
2980,711
2981,570
2982,458
2983,368
2984,296
2985,237
2986,191
2987,154
2988,184
2989,339
2990,463
2991,564
2992,647
2993,714
2994,771
2995,816
2996,851
2997,735
2998,590
2999,474
3000,380
3001,305
3002,245
3003,196
3004,159
3005,158
3006,319
3007,446
3008,552
3009,636
3010,707
3011,763
3012,810
3013,847
3014,759
3015,608
3016,489
3017,393
3018,316
3019,254
3020,204
3021,164
3022,128
3023,297
3024,429
3025,536
3026,624
3027,697
3028,755
3029,802
3030,842
3031,783
3032,630
3033,508
3034,407
3035,326
3036,262
3037,210
3038,169
3039,137
3040,273
3041,410
3042,522
3043,613
3044,687
3045,748
3046,796
3047,836
3048,812
3049,651
3050,524
3051,420
3052,337
3053,270
3054,218
3055,175
3056,141
3057,250
3058,391
3059,507
3060,599
3061,676
3062,739
3063,790
3064,831
3065,840
3066,672
3067,542
3068,435
3069,349
3070,280
3071,225
3072,181
3073,145
3074,225
3075,371
3076,490
3077,585
3078,665
3079,729
3080,782
3081,825
3082,860
3083,695
3084,559
3085,449
3086,361
3087,289
3088,233
3089,188
3090,151
3091,201
3092,352
3093,474
3094,574
3095,655
3096,720
3097,775
3098,818
3099,856
3100,720
3101,577
3102,463
3103,372
3104,298
3105,241
3106,193
3107,156
3108,174
3109,331
3110,456
3111,559
3112,643
3113,711
3114,766
3115,811
3116,850
3117,743
3118,599
3119,480
3120,386
3121,309
3122,249
3123,201
3124,162
3125,147
3126,309
3127,438
3128,546
3129,631
3130,703
3131,760
3132,806
3133,846
3134,769
3135,617
3136,497
3137,399
3138,319
3139,257
3140,207
3141,165
3142,134
3143,287
3144,421
3145,529
3146,620
3147,692
3148,752
3149,800
3150,839
3151,795
3152,638
3153,514
3154,412
3155,331
3156,266
3157,214
3158,171
3159,138
3160,265
3161,403
3162,516
3163,607
3164,682
3165,744
3166,792
3167,833
3168,824
3169,660
3170,531
3171,427
3172,341
3173,275
3174,221
3175,177
3176,144
3177,238
3178,383
3179,499
3180,594
3181,671
3182,735
3183,786
3184,827
3185,863
3186,683
3187,549
3188,440
3189,354
3190,284
3191,228
3192,184
3193,148
3194,215
3195,364
3196,483
3197,580
3198,660
3199,726
3200,779
3201,823
3202,858
3203,704
3204,566
3205,455
3206,366
3207,294
3208,235
3209,190
3210,153
3211,189
3212,344
3213,467
3214,567
3215,649
3216,716
3217,771
3218,816
3219,852
3220,731
3221,586
3222,470
3223,377
3224,303
3225,243
3226,196
3227,159
3228,163
3229,322
3230,449
3231,554
3232,638
3233,707
3234,764
3235,810
3236,847
3237,755
3238,606
3239,487
3240,391
3241,314
3242,252
3243,203
3244,164
3245,128
3246,299
3247,432
3248,538
3249,626
3250,698
3251,757
3252,804
3253,842
3254,780
3255,626
3256,504
3257,404
3258,324
3259,261
3260,209
3261,169
3262,135
3263,277
3264,414
3265,525
3266,613
3267,688
3268,749
3269,796
3270,837
3271,806
3272,648
3273,520
3274,418
3275,335
3276,269
3277,216
3278,175
3279,141
3280,252
3281,394
3282,508
3283,601
3284,676
3285,740
3286,791
3287,831
3288,833
3289,669
3290,538
3291,431
3292,347
3293,279
3294,224
3295,179
3296,145
3297,230
3298,375
3299,493
3300,588
3301,667
3302,730
3303,784
3304,826
3305,860
3306,692
3307,555
3308,446
3309,359
3310,288
3311,231
3312,187
3313,151
3314,205
3315,354
3316,476
3317,575
3318,655
3319,722
3320,776
3321,820
3322,856
3323,716
3324,575
3325,462
3326,371
3327,297
3328,239
3329,193
3330,155
3331,180
3332,334
3333,459
3334,561
3335,645
3336,713
3337,768
3338,813
3339,851
3340,739
3341,593
3342,478
3343,383
3344,307
3345,247
3346,199
3347,161
3348,150
3349,312
3350,443
3351,548
3352,633
3353,704
3354,761
3355,807
3356,846
3357,766
3358,614
3359,494
3360,396
3361,319
3362,256
3363,206
3364,165
3365,133
3366,289
3367,423
3368,531
3369,621
3370,693
3371,754
3372,801
3373,840
3374,790
3375,634
3376,511
3377,410
3378,329
3379,264
3380,212
3381,172
3382,139
3383,266
3384,406
3385,516
3386,609
3387,684
3388,745
3389,793
3390,835
3391,817
3392,657
3393,528
3394,424
3395,340
3396,273
3397,220
3398,177
3399,143
3400,243
3401,387
3402,503
3403,596
3404,673
3405,736
3406,788
3407,828
3408,846
3409,679
3410,547
3411,438
3412,352
3413,282
3414,227
3415,183
3416,147
3417,221
3418,366
3419,486
3420,583
3421,662
3422,726
3423,781
3424,823
3425,858
3426,703
3427,564
3428,453
3429,364
3430,292
3431,234
3432,189
3433,152
3434,193
3435,346
3436,469
3437,570
3438,651
3439,719
3440,773
3441,817
3442,854
3443,727
3444,583
3445,469
3446,375
3447,302
3448,242
3449,195
3450,157
3451,167
3452,325
3453,451
3454,556
3455,639
3456,709
3457,766
3458,810
3459,848
3460,750
3461,603
3462,485
3463,389
3464,312
3465,250
3466,202
3467,163
3468,128
3469,303
3470,435
3471,541
3472,628
3473,699
3474,758
3475,806
3476,843
3477,776
3478,623
3479,501
3480,402
3481,323
3482,260
3483,209
3484,168
3485,136
3486,280
3487,416
3488,527
3489,616
3490,690
3491,749
3492,798
3493,838
3494,803
3495,645
3496,519
3497,416
3498,334
3499,268
3500,216
3501,174
3502,141
3503,259
3504,397
3505,511
3506,604
3507,679
3508,741
3509,791
3510,831
3511,831
3512,666
3513,535
3514,430
3515,344
3516,278
3517,223
3518,180
3519,144
3520,233
3521,378
3522,495
3523,590
3524,668
3525,733
3526,784
3527,827
3528,861
3529,688
3530,554
3531,444
3532,356
3533,287
3534,230
3535,186
3536,149
3537,210
3538,359
3539,480
3540,577
3541,658
3542,724
3543,777
3544,820
3545,857
3546,712
3547,574
3548,460
3549,368
3550,296
3551,237
3552,192
3553,154
3554,182
3555,337
3556,461
3557,564
3558,646
3559,714
3560,770
3561,815
3562,853
3563,736
3564,591
3565,475
3566,382
3567,306
3568,246
3569,198
3570,159
3571,156
3572,317
3573,445
3574,550
3575,635
3576,705
3577,762
3578,809
3579,846
3580,763
3581,612
3582,492
3583,395
3584,317
3585,255
3586,205
3587,165
3588,132
3589,294
3590,426
3591,534
3592,623
3593,694
3594,754
3595,802
3596,840
3597,786
3598,632
3599,508
3600,407
3601,327
3602,261
3603,211
3604,170
3605,137
3606,271
3607,408
3608,520
3609,611
3610,684
3611,745
3612,795
3613,836
3614,814
3615,654
3616,526
3617,421
3618,339
3619,272
3620,218
3621,176
3622,142
3623,248
3624,390
3625,505
3626,598
3627,673
3628,737
3629,788
3630,829
3631,842
3632,675
3633,544
3634,436
3635,350
3636,281
3637,226
3638,181
3639,146
3640,223
3641,371
3642,488
3643,586
3644,664
3645,728
3646,782
3647,825
3648,859
3649,700
3650,562
3651,451
3652,361
3653,290
3654,233
3655,188
3656,152
3657,197
3658,350
3659,470
3660,571
3661,653
3662,720
3663,774
3664,817
3665,853
3666,722
3667,579
3668,465
3669,374
3670,300
3671,241
3672,195
3673,157
3674,173
3675,329
3676,454
3677,558
3678,642
3679,711
3680,766
3681,812
3682,850
3683,747
3684,600
3685,482
3686,387
3687,311
3688,249
3689,201
3690,160
3691,144
3692,307
3693,438
3694,544
3695,630
3696,702
3697,759
3698,805
3699,844
3700,773
3701,620
3702,497
3703,401
3704,320
3705,257
3706,207
3707,167
3708,136
3709,284
3710,419
3711,529
3712,618
3713,691
3714,750
3715,799
3716,838
3717,798
3718,641
3719,516
3720,414
3721,333
3722,266
3723,214
3724,173
3725,140
3726,261
3727,399
3728,514
3729,606
3730,681
3731,743
3732,792
3733,833
3734,825
3735,661
3736,532
3737,428
3738,343
3739,276
3740,222
3741,178
3742,144
3743,237
3744,381
3745,498
3746,593
3747,670
3748,733
3749,786
3750,828
3751,862
3752,684
3753,550
3754,442
3755,355
3756,285
3757,230
3758,185
3759,149
3760,214
3761,362
3762,482
3763,579
3764,659
3765,725
3766,778
3767,822
3768,857
3769,709
3770,569
3771,457
3772,367
3773,294
3774,237
3775,191
3776,154
3777,187
3778,341
3779,465
3780,566
3781,648
3782,716
3783,771
3784,815
3785,851
3786,733
3787,588
3788,473
3789,379
3790,305
3791,245
3792,196
3793,159
3794,159
3795,319
3796,447
3797,552
3798,636
3799,705
3800,763
3801,809
3802,846
3803,756
3804,608
3805,489
3806,393
3807,315
3808,253
3809,204
3810,164
3811,129
3812,298
3813,430
3814,538
3815,625
3816,696
3817,755
3818,803
3819,842
3820,782
3821,629
3822,505
3823,406
3824,324
3825,261
3826,210
3827,170
3828,135
3829,275
3830,410
3831,523
3832,612
3833,687
3834,747
3835,796
3836,836
3837,810
3838,650
3839,523
3840,419
3841,337
3842,270
3843,217
3844,175
3845,141
3846,250
3847,392
3848,507
3849,600
3850,677
3851,738
3852,789
3853,830
3854,839
3855,671
3856,541
3857,434
3858,348
3859,279
3860,224
3861,181
3862,146
3863,227
3864,373
3865,491
3866,586
3867,665
3868,729
3869,782
3870,824
3871,858
3872,694
3873,558
3874,448
3875,359
3876,289
3877,232
3878,188
3879,150
3880,202
3881,353
3882,475
3883,575
3884,655
3885,722
3886,775
3887,819
3888,855
3889,718
3890,577
3891,464
3892,372
3893,299
3894,240
3895,192
3896,156
3897,176
3898,333
3899,458
3900,560
3901,643
3902,712
3903,768
3904,814
3905,850
3906,744
3907,597
3908,480
3909,385
3910,309
3911,248
3912,200
3913,162
3914,147
3915,310
3916,440
3917,546
3918,632
3919,703
3920,760
3921,806
3922,844
3923,769
3924,617
3925,495
3926,398
3927,320
3928,257
3929,208
3930,167
3931,134
3932,287
3933,421
3934,530
3935,619
3936,692
3937,752
3938,800
3939,839
3940,792
3941,637
3942,512
3943,411
3944,329
3945,265
3946,213
3947,172
3948,137
3949,264
3950,404
3951,516
3952,608
3953,683
3954,745
3955,794
3956,834
3957,821
3958,659
3959,529
3960,426
3961,341
3962,274
3963,221
3964,178
3965,143
3966,241
3967,385
3968,500
3969,593
3970,671
3971,733
3972,785
3973,829
3974,850
3975,681
3976,547
3977,440
3978,353
3979,283
3980,228
3981,184
3982,148
3983,218
3984,365
3985,484
3986,582
3987,661
3988,727
3989,779
3990,822
3991,857
3992,704
3993,566
3994,454
3995,365
3996,292
3997,235
3998,189
3999,153
4000,191
4001,343
4002,467
4003,567
4004,650
4005,718
4006,772
4007,817
4008,852
4009,729
4010,585
4011,469
4012,378
4013,303
4014,243
4015,196
4016,158
4017,165
4018,324
4019,450
4020,553
4021,639
4022,708
4023,765
4024,811
4025,848
4026,753
4027,604
4028,485
4029,390
4030,312
4031,251
4032,203
4033,163
4034,128
4035,301
4036,433
4037,540
4038,627
4039,697
4040,757
4041,803
4042,844
4043,780
4044,625
4045,502
4046,404
4047,324
4048,260
4049,209
4050,170
4051,136
4052,277
4053,415
4054,525
4055,615
4056,687
4057,748
4058,797
4059,838
4060,805
4061,647
4062,519
4063,417
4064,335
4065,269
4066,216
4067,174
4068,140
4069,254
4070,394
4071,509
4072,602
4073,678
4074,739
4075,791
4076,832
4077,833
4078,668
4079,537
4080,432
4081,346
4082,277
4083,223
4084,180
4085,145
4086,231
4087,376
4088,493
4089,589
4090,668
4091,731
4092,783
4093,826
4094,860
4095,691
4096,556
4097,446
4098,358
4099,288
4100,231
4101,186
4102,150
4103,205
4104,357
4105,477
4106,577
4107,657
4108,722
4109,776
4110,820
4111,857
4112,716
4113,574
4114,462
4115,369
4116,297
4117,239
4118,192
4119,154
4120,179
4121,336
4122,460
4123,563
4124,645
4125,714
4126,768
4127,814
4128,852
4129,739
4130,593
4131,477
4132,383
4133,307
4134,247
4135,199
4136,160
4137,151
4138,312
4139,443
4140,548
4141,633
4142,703
4143,760
4144,807
4145,846
4146,764
4147,614
4148,492
4149,396
4150,317
4151,255
4152,206
4153,166
4154,134
4155,292
4156,425
4157,533
4158,622
4159,694
4160,753
4161,801
4162,841
4163,790
4164,633
4165,510
4166,410
4167,328
4168,264
4169,212
4170,171
4171,137
4172,268
4173,407
4174,518
4175,609
4176,683
4177,744
4178,793
4179,835
4180,817
4181,655
4182,527
4183,423
4184,340
4185,273
4186,219
4187,175
4188,143
4189,246
4190,387
4191,503
4192,597
4193,674
4194,737
4195,788
4196,830
4197,846
4198,678
4199,546
4200,438
4201,352
4202,282
4203,227
4204,182
4205,148
4206,220
4207,367
4208,487
4209,582
4210,663
4211,728
4212,781
4213,823
4214,859
4215,701
4216,564
4217,453
4218,363
4219,292
4220,235
4221,189
4222,151
4223,195
4224,348
4225,470
4226,570
4227,651
4228,718
4229,773
4230,818
4231,853
4232,726
4233,582
4234,467
4235,375
4236,301
4237,242
4238,195
4239,157
4240,169
4241,326
4242,454
4243,556
4244,640
4245,709
4246,765
4247,811
4248,848
4249,748
4250,602
4251,484
4252,389
4253,311
4254,250
4255,202
4256,162
4257,128
4258,305
4259,435
4260,542
4261,629
4262,700
4263,758
4264,804
4265,843
4266,775
4267,623
4268,501
4269,402
4270,322
4271,260
4272,209
4273,168
4274,136
4275,281
4276,417
4277,528
4278,616
4279,690
4280,749
4281,798
4282,838
4283,801
4284,643
4285,516
4286,414
4287,334
4288,268
4289,214
4290,172
4291,140
4292,258
4293,399
4294,511
4295,605
4296,680
4297,742
4298,791
4299,833
4300,829
4301,664
4302,534
4303,429
4304,344
4305,277
4306,223
4307,179
4308,144
4309,235
4310,377
4311,496
4312,590
4313,669
4314,733
4315,785
4316,827
4317,860
4318,686
4319,553
4320,443
4321,356
4322,287
4323,230
4324,186
4325,150
4326,210
4327,359
4328,480
4329,578
4330,658
4331,724
4332,778
4333,821
4334,857
4335,712
4336,570
4337,459
4338,367
4339,295
4340,238
4341,191
4342,154
4343,184
4344,338
4345,462
4346,565
4347,647
4348,715
4349,770
4350,815
4351,852
4352,734
4353,592
4354,476
4355,382
4356,306
4357,245
4358,199
4359,160
4360,156
4361,318
4362,446
4363,551
4364,637
4365,706
4366,763
4367,808
4368,847
4369,761
4370,611
4371,491
4372,393
4373,316
4374,254
4375,205
4376,166
4377,132
4378,296
4379,428
4380,535
4381,624
4382,696
4383,755
4384,803
4385,842
4386,786
4387,630
4388,508
4389,407
4390,326
4391,261
4392,211
4393,171
4394,137
4395,275
4396,410
4397,521
4398,611
4399,685
4400,745
4401,795
4402,836
4403,813
4404,652
4405,525
4406,421
4407,337
4408,271
4409,218
4410,175
4411,142
4412,247
4413,389
4414,505
4415,599
4416,674
4417,738
4418,789
4419,830
4420,841
4421,675
4422,543
4423,436
4424,350
4425,281
4426,225
4427,181
4428,146
4429,224
4430,371
4431,490
4432,586
4433,665
4434,729
4435,781
4436,824
4437,859
4438,697
4439,561
4440,450
4441,362
4442,290
4443,232
4444,188
4445,151
4446,198
4447,350
4448,472
4449,573
4450,654
4451,720
4452,774
4453,818
4454,854
4455,721
4456,579
4457,466
4458,372
4459,300
4460,241
4461,193
4462,156
4463,173
4464,330
4465,455
4466,559
4467,643
4468,711
4469,767
4470,813
4471,850
4472,747
4473,599
4474,481
4475,386
4476,310
4477,250
4478,200
4479,161
4480,146
4481,307
4482,437
4483,544
4484,631
4485,701
4486,759
4487,805
4488,844
4489,771
4490,619
4491,498
4492,399
4493,320
4494,257
4495,207
4496,168
4497,135
4498,285
4499,420
4500,528
4501,618
4502,691
4503,751
4504,799
4505,839
4506,797
4507,639
4508,515
4509,413
4510,331
4511,267
4512,214
4513,173
4514,140
4515,262
4516,402
4517,516
4518,607
4519,681
4520,743
4521,793
4522,834
4523,821
4524,662
4525,532
4526,428
4527,344
4528,276
4529,222
4530,178
4531,144
4532,239
4533,382
4534,499
4535,592
4536,671
4537,734
4538,786
4539,829
4540,862
4541,684
4542,550
4543,441
4544,354
4545,284
4546,229
4547,184
4548,148
4549,212
4550,362
4551,481
4552,580
4553,660
4554,726
4555,777
4556,821
4557,858
4558,707
4559,567
4560,456
4561,365
4562,294
4563,236
4564,190
4565,153
4566,190
4567,341
4568,465
4569,566
4570,648
4571,716
4572,770
4573,816
4574,852
4575,730
4576,587
4577,472
4578,379
4579,304
4580,245
4581,197
4582,158
4583,162
4584,320
4585,448
4586,553
4587,638
4588,707
4589,763
4590,810
4591,848
4592,755
4593,607
4594,489
4595,393
4596,314
4597,252
4598,203
4599,165
4600,129
4601,298
4602,432
4603,538
4604,626
4605,698
4606,756
4607,803
4608,842
4609,780
4610,628
4611,505
4612,405
4613,326
4614,261
4615,210
4616,169
4617,136
4618,275
4619,412
4620,524
4621,613
4622,686
4623,747
4624,796
4625,836
4626,807
4627,649
4628,522
4629,419
4630,336
4631,269
4632,217
4633,174
4634,141
4635,253
4636,394
4637,508
4638,601
4639,677
4640,738
4641,789
4642,831
4643,836
4644,670
4645,540
4646,433
4647,348
4648,278
4649,224
4650,181
4651,146
4652,230
4653,375
4654,493
4655,588
4656,666
4657,731
4658,783
4659,824
4660,860
4661,693
4662,558
4663,448
4664,359
4665,288
4666,232
4667,187
4668,151
4669,203
4670,354
4671,475
4672,575
4673,655
4674,722
4675,776
4676,820
4677,855
4678,718
4679,577
4680,462
4681,372
4682,298
4683,239
4684,192
4685,156
4686,177
4687,333
4688,458
4689,560
4690,643
4691,712
4692,768
4693,813
4694,850
4695,740
4696,597
4697,479
4698,384
4699,307
4700,248
4701,199
4702,160
4703,149
4704,312
4705,441
4706,547
4707,632
4708,703
4709,759
4710,806
4711,844
4712,767
4713,616
4714,495
4715,397
4716,319
4717,256
4718,206
4719,166
4720,133
4721,290
4722,424
4723,532
4724,620
4725,693
4726,752
4727,801
4728,840
4729,792
4730,636
4731,511
4732,412
4733,330
4734,265
4735,213
4736,171
4737,139
4738,267
4739,404
4740,517
4741,608
4742,683
4743,745
4744,794
4745,834
4746,820
4747,658
4748,530
4749,425
4750,341
4751,274
4752,221
4753,178
4754,143
4755,241
4756,384
4757,501
4758,595
4759,672
4760,736
4761,787
4762,829
4763,849
4764,680
4765,547
4766,438
4767,352
4768,283
4769,227
4770,183
4771,147
4772,218
4773,366
4774,485
4775,582
4776,662
4777,727
4778,780
4779,822
4780,858
4781,704
4782,566
4783,455
4784,365
4785,293
4786,235
4787,189
4788,153
4789,192
4790,345
4791,469
4792,568
4793,651
4794,719
4795,773
4796,818
4797,854
4798,728
4799,584
4800,469
4801,377
4802,302
4803,243
4804,196
4805,157
4806,166
4807,324
4808,452
4809,554
4810,638
4811,709
4812,765
4813,811
4814,848
4815,753
4816,604
4817,485
4818,389
4819,313
4820,251
4821,202
4822,163
4823,128
4824,302
4825,433
4826,540
4827,626
4828,699
4829,758
4830,805
4831,842
4832,777
4833,625
4834,501
4835,402
4836,323
4837,260
4838,209
4839,169
4840,136
4841,278
4842,415
4843,525
4844,615
4845,689
4846,750
4847,798
4848,837
4849,805
4850,646
4851,519
4852,417
4853,334
4854,268
4855,216
4856,174
4857,141
4858,257
4859,397
4860,510
4861,603
4862,678
4863,740
4864,791
4865,832
4866,831
4867,667
4868,537
4869,431
4870,344
4871,278
4872,223
4873,179
4874,145
4875,233
4876,377
4877,493
4878,590
4879,668
4880,732
4881,784
4882,826
4883,860
4884,690
4885,554
4886,445
4887,358
4888,287
4889,231
4890,186
4891,150
4892,207
4893,356
4894,478
4895,576
4896,656
4897,722
4898,777
4899,820
4900,856
4901,715
4902,573
4903,459
4904,370
4905,297
4906,239
4907,191
4908,156
4909,183
4910,337
4911,461
4912,562
4913,646
4914,713
4915,770
4916,814
4917,852
4918,738
4919,593
4920,476
4921,382
4922,307
4923,246
4924,198
4925,160
4926,154
4927,315
4928,444
4929,548
4930,634
4931,704
4932,761
4933,809
4934,846
4935,763
4936,613
4937,492
4938,395
4939,317
4940,254
4941,205
4942,165
4943,134
4944,294
4945,426
4946,534
4947,622
4948,695
4949,755
4950,801
4951,841
4952,788
4953,634
4954,509
4955,408
4956,328
4957,264
4958,212
4959,171
4960,139
4961,270
4962,407
4963,520
4964,610
4965,685
4966,745
4967,795
4968,836
4969,815
4970,654
4971,526
4972,423
4973,338
4974,272
4975,219
4976,177
4977,143
4978,247
4979,389
4980,504
4981,597
4982,674
4983,738
4984,788
4985,830
4986,844
4987,676
4988,545
4989,438
4990,350
4991,281
4992,227
4993,183
4994,146
4995,223
4996,369
4997,487
4998,584
4999,663
5000,728
5001,782
5002,824
5003,859
5004,699
5005,562
5006,452
5007,362
5008,290
5009,234
5010,188
5011,151
5012,197
5013,349
5014,471
5015,571
5016,653
5017,718
5018,773
5019,819
5020,853
5021,723
5022,582
5023,468
5024,374
5025,300
5026,241
5027,195
5028,156
5029,170
5030,326
5031,453
5032,557
5033,641
5034,709
5035,766
5036,811
5037,848
5038,748
5039,601
5040,483
5041,387
5042,311
5043,250
5044,201
5045,162
5046,144
5047,306
5048,436
5049,543
5050,629
5051,701
5052,759
5053,805
5054,844
5055,774
5056,621
5057,500
5058,401
5059,322
5060,258
5061,207
5062,167
5063,135
5064,283
5065,418
5066,528
5067,618
5068,691
5069,750
5070,799
5071,838
5072,800
5073,643
5074,515
5075,415
5076,332
5077,267
5078,216
5079,174
5080,140
5081,261
5082,399
5083,513
5084,605
5085,680
5086,742
5087,792
5088,832
5089,827
5090,664
5091,534
5092,429
5093,343
5094,277
5095,221
5096,179
5097,144
5098,235
5099,380
5100,496
5101,591
5102,670
5103,734
5104,785
5105,827
5106,861
5107,686
5108,552
5109,443
5110,355
5111,285
5112,229
5113,185
5114,148
5115,212
5116,359
5117,481
5118,578
5119,660
5120,724
5121,779
5122,822
5123,857
5124,708
5125,569
5126,458
5127,368
5128,295
5129,238
5130,191
5131,153
5132,185
5133,340
5134,464
5135,565
5136,647
5137,715
5138,770
5139,815
5140,852
5141,735
5142,589
5143,474
5144,380
5145,305
5146,245
5147,197
5148,159
5149,158
5150,319
5151,447
5152,552
5153,636
5154,706
5155,762
5156,809
5157,846
5158,759
5159,609
5160,490
5161,392
5162,316
5163,252
5164,205
5165,164
5166,132
5167,296
5168,428
5169,536
5170,623
5171,696
5172,754
5173,802
5174,842
5175,785
5176,630
5177,506
5178,406
5179,326
5180,262
5181,211
5182,169
5183,137
5184,274
5185,410
5186,521
5187,612
5188,687
5189,746
5190,796
5191,836
5192,810
5193,651
5194,524
5195,420
5196,337
5197,271
5198,218
5199,175
5200,140
5201,250
5202,391
5203,506
5204,599
5205,675
5206,738
5207,789
5208,831
5209,837
5210,673
5211,542
5212,434
5213,348
5214,280
5215,225
5216,182
5217,146
5218,226
5219,372
5220,490
5221,586
5222,665
5223,730
5224,782
5225,825
5226,860
5227,696
5228,559
5229,449
5230,361
5231,290
5232,232
5233,187
5234,150
5235,201
5236,351
5237,474
5238,573
5239,654
5240,720
5241,774
5242,818
5243,854
5244,720
5245,578
5246,464
5247,373
5248,298
5249,240
5250,194
5251,155
5252,176
5253,331
5254,456
5255,560
5256,643
5257,711
5258,767
5259,812
5260,849
5261,744
5262,598
5263,480
5264,386
5265,310
5266,249
5267,200
5268,161
5269,148
5270,310
5271,438
5272,545
5273,630
5274,701
5275,758
5276,806
5277,843
5278,769
5279,618
5280,496
5281,399
5282,320
5283,257
5284,207
5285,166
5286,134
5287,287
5288,422
5289,531
5290,619
5291,693
5292,751
5293,800
5294,839
5295,793
5296,640
5297,514
5298,412
5299,331
5300,265
5301,213
5302,172
5303,139
5304,263
5305,402
5306,515
5307,607
5308,682
5309,743
5310,793
5311,834
5312,824
5313,660
5314,531
5315,426
5316,342
5317,275
5318,221
5319,179
5320,143
5321,240
5322,383
5323,500
5324,594
5325,671
5326,735
5327,786
5328,829
5329,863
5330,683
5331,549
5332,441
5333,354
5334,284
5335,228
5336,183
5337,148
5338,217
5339,364
5340,483
5341,581
5342,660
5343,725
5344,779
5345,822
5346,857
5347,707
5348,569
5349,456
5350,366
5351,294
5352,235
5353,189
5354,154
5355,190
5356,342
5357,467
5358,566
5359,648
5360,717
5361,772
5362,816
5363,852
5364,730
5365,587
5366,472
5367,379
5368,304
5369,244
5370,197
5371,159
5372,162
5373,323
5374,449
5375,552
5376,638
5377,708
5378,764
5379,810
5380,848
5381,753
5382,607
5383,487
5384,391
5385,314
5386,253
5387,203
5388,164
5389,129
5390,301
5391,432
5392,539
5393,627
5394,698
5395,757
5396,803
5397,843
5398,780
5399,627
5400,503
5401,405
5402,324
5403,260
5404,210
5405,169
5406,137
5407,277
5408,413
5409,524
5410,614
5411,688
5412,748
5413,796
5414,837
5415,807
5416,648
5417,520
5418,418
5419,335
5420,270
5421,217
5422,174
5423,141
5424,254
5425,394
5426,507
5427,601
5428,677
5429,739
5430,789
5431,831
5432,834
5433,671
5434,538
5435,433
5436,346
5437,278
5438,224
5439,180
5440,145
5441,228
5442,375
5443,492
5444,589
5445,667
5446,731
5447,783
5448,824
5449,861
5450,692
5451,557
5452,447
5453,359
5454,288
5455,231
5456,187
5457,150
5458,205
5459,355
5460,477
5461,575
5462,655
5463,722
5464,776
5465,819
5466,856
5467,717
5468,576
5469,462
5470,371
5471,299
5472,240
5473,193
5474,155
5475,178
5476,334
5477,460
5478,561
5479,645
5480,713
5481,768
5482,813
5483,851
5484,741
5485,595
5486,478
5487,384
5488,308
5489,248
5490,199
5491,161
5492,151
5493,312
5494,442
5495,548
5496,632
5497,703
5498,761
5499,807
5500,846
5501,766
5502,615
5503,495
5504,397
5505,319
5506,256
5507,206
5508,166
5509,134
5510,288
5511,424
5512,532
5513,621
5514,693
5515,753
5516,801
5517,840
5518,792
5519,635
5520,511
5521,410
5522,329
5523,265
5524,213
5525,171
5526,138
5527,268
5528,406
5529,517
5530,609
5531,684
5532,745
5533,795
5534,835
5535,819
5536,657
5537,529
5538,424
5539,341
5540,273
5541,220
5542,177
5543,143
5544,244
5545,387
5546,502
5547,596
5548,673
5549,736
5550,787
5551,828
5552,846
5553,680
5554,546
5555,439
5556,351
5557,283
5558,227
5559,183
5560,147
5561,220
5562,367
5563,486
5564,583
5565,661
5566,727
5567,780
5568,824
5569,858
5570,702
5571,564
5572,452
5573,364
5574,292
5575,235
5576,189
5577,152
5578,193
5579,345
5580,469
5581,570
5582,651
5583,718
5584,772
5585,817
5586,854
5587,726
5588,583
5589,469
5590,377
5591,303
5592,243
5593,196
5594,159
5595,169
5596,325
5597,452
5598,555
5599,640
5600,709
5601,766
5602,810
5603,848
5604,752
5605,603
5606,485
5607,389
5608,312
5609,251
5610,203
5611,163
5612,128
5613,305
5614,435
5615,542
5616,628
5617,699
5618,757
5619,805
5620,843
5621,777
5622,623
5623,500
5624,402
5625,324
5626,259
5627,209
5628,168
5629,135
5630,281
5631,417
5632,527
5633,616
5634,690
5635,750
5636,799
5637,838
5638,802
5639,644
5640,518
5641,416
5642,333
5643,268
5644,214
5645,174
5646,140
5647,257
5648,397
5649,511
5650,603
5651,679
5652,741
5653,791
5654,832
5655,831
5656,667
5657,535
5658,430
5659,345
5660,277
5661,222
5662,179
5663,145
5664,233
5665,379
5666,496
5667,590
5668,669
5669,733
5670,784
5671,827
5672,860
5673,688
5674,553
5675,444
5676,357
5677,288
5678,231
5679,186
5680,150
5681,209
5682,358
5683,479
5684,577
5685,658
5686,723
5687,777
5688,821
5689,856
5690,712
5691,572
5692,458
5693,369
5694,296
5695,238
5696,191
5697,154
5698,183
5699,338
5700,463
5701,564
5702,647
5703,715
5704,770
5705,814
5706,851
5707,737
5708,591
5709,475
5710,382
5711,307
5712,245
5713,199
5714,160
5715,155
5716,315
5717,444
5718,548
5719,634
5720,705
5721,761
5722,807
5723,846
5724,762
5725,611
5726,490
5727,394
5728,316
5729,254
5730,205
5731,164
5732,132
5733,294
5734,427
5735,536
5736,623
5737,695
5738,754
5739,802
5740,841
5741,787
5742,632
5743,507
5744,407
5745,327
5746,263
5747,211
5748,171
5749,137
5750,271
5751,409
5752,520
5753,611
5754,685
5755,745
5756,795
5757,836
5758,813
5759,653
5760,525
5761,422
5762,338
5763,272
5764,219
5765,176
5766,142
5767,248
5768,390
5769,504
5770,598
5771,674
5772,737
5773,789
5774,831
5775,842
5776,675
5777,543
5778,436
5779,350
5780,281
5781,227
5782,182
5783,147
5784,222
5785,370
5786,489
5787,585
5788,664
5789,729
5790,782
5791,824
5792,859
5793,700
5794,561
5795,452
5796,362
5797,291
5798,234
5799,188
5800,152
5801,198
5802,350
5803,473
5804,571
5805,653
5806,720
5807,774
5808,818
5809,854
5810,723
5811,580
5812,467
5813,374
5814,299
5815,242
5816,194
5817,157
5818,172
5819,328
5820,454
5821,557
5822,642
5823,711
5824,767
5825,812
5826,848
5827,746
5828,600
5829,481
5830,387
5831,310
5832,250
5833,201
5834,162
5835,144
5836,307
5837,437
5838,544
5839,629
5840,701
5841,759
5842,806
5843,844
5844,774
5845,621
5846,499
5847,402
5848,322
5849,258
5850,208
5851,167
5852,136
5853,284
5854,419
5855,528
5856,618
5857,691
5858,750
5859,799
5860,838
5861,799
5862,641
5863,515
5864,414
5865,333
5866,267
5867,215
5868,173
5869,139
5870,261
5871,401
5872,513
5873,606
5874,681
5875,742
5876,792
5877,833
5878,826
5879,663
5880,534
5881,428
5882,343
5883,275
5884,222
5885,179
5886,143
5887,238
5888,381
5889,498
5890,592
5891,670
5892,733
5893,785
5894,827
5895,862
5896,685
5897,551
5898,442
5899,355
5900,285
5901,230
5902,185
5903,149
5904,212
5905,361
5906,482
5907,579
5908,660
5909,725
5910,778
5911,822
5912,857
5913,709
5914,569
5915,457
5916,368
5917,295
5918,237
5919,190
5920,155
5921,186
5922,341
5923,464
5924,565
5925,648
5926,716
5927,771
5928,816
5929,851
5930,733
5931,589
5932,473
5933,380
5934,304
5935,245
5936,198
5937,159
5938,159
5939,320
5940,448
5941,552
5942,637
5943,707
5944,764
5945,808
5946,848
5947,758
5948,608
5949,488
5950,392
5951,316
5952,253
5953,204
5954,163
5955,129
5956,298
5957,430
5958,538
5959,624
5960,697
5961,756
5962,802
5963,842
5964,783
5965,629
5966,505
5967,406
5968,326
5969,262
5970,210
5971,171
5972,137
5973,275
5974,409
5975,522
5976,612
5977,687
5978,747
5979,796
5980,837
5981,808
5982,650
5983,523
5984,420
5985,337
5986,271
5987,218
5988,175
5989,142
5990,251
5991,391
5992,507
5993,599
5994,675
5995,738
5996,789
5997,830
5998,838
5999,672
6000,540
6001,433
6002,348
6003,279
6004,225
6005,181
6006,146
6007,227
6008,373
6009,491
6010,587
6011,665
6012,731
6013,783
6014,825
6015,860
6016,694
6017,559
6018,449
6019,361
6020,290
6021,233
6022,186
6023,151
6024,202
6025,353
6026,475
6027,575
6028,655
6029,721
6030,775
6031,819
6032,856
6033,719
6034,577
6035,463
6036,373
6037,299
6038,240
6039,194
6040,157
6041,175
6042,332
6043,458
6044,560
6045,643
6046,712
6047,768
6048,813
6049,849
6050,743
6051,596
6052,480
6053,385
6054,309
6055,248
6056,201
6057,161
6058,147
6059,310
6060,439
6061,544
6062,631
6063,702
6064,760
6065,806
6066,846
6067,768
6068,617
6069,496
6070,397
6071,320
6072,256
6073,206
6074,167
6075,133
6076,288
6077,423
6078,532
6079,619
6080,692
6081,752
6082,800
6083,839
6084,793
6085,637
6086,513
6087,411
6088,330
6089,265
6090,213
6091,172
6092,138
6093,265
6094,404
6095,516
6096,607
6097,682
6098,743
6099,793
6100,834
6101,821
6102,660
6103,532
6104,427
6105,342
6106,275
6107,221
6108,178
6109,144
6110,241
6111,385
6112,500
6113,594
6114,672
6115,735
6116,787
6117,828
6118,850
6119,681
6120,548
6121,440
6122,353
6123,283
6124,228
6125,184
6126,149
6127,215
6128,365
6129,484
6130,581
6131,661
6132,726
6133,779
6134,823
6135,857
6136,706
6137,566
6138,454
6139,365
6140,293
6141,235
6142,190
6143,153
6144,194
6145,344
6146,467
6147,568
6148,650
6149,717
6150,772
6151,816
6152,852
6153,729
6154,584
6155,470
6156,378
6157,303
6158,243
6159,196
6160,157
6161,165
6162,323
6163,450
6164,554
6165,639
6166,708
6167,765
6168,809
6169,847
6170,752
6171,604
6172,486
6173,390
6174,313
6175,252
6176,203
6177,163
6178,128
6179,302
6180,433
6181,539
6182,627
6183,697
6184,755
6185,804
6186,842
6187,777
6188,625
6189,504
6190,405
6191,325
6192,260
6193,209
6194,168
6195,137
6196,278
6197,414
6198,525
6199,614
6200,688
6201,749
6202,798
6203,837
6204,805
6205,647
6206,520
6207,418
6208,335
6209,269
6210,216
6211,175
6212,141
6213,255
6214,396
6215,510
6216,602
6217,678
6218,739
6219,790
6220,832
6221,833
6222,668
6223,538
6224,432
6225,346
6226,278
6227,224
6228,180
6229,144
6230,232
6231,374
6232,493
6233,589
6234,667
6235,731
6236,784
6237,826
6238,861
6239,691
6240,556
6241,447
6242,358
6243,288
6244,231
6245,186
6246,150
6247,207
6248,356
6249,477
6250,576
6251,656
6252,722
6253,777
6254,820
6255,856
6256,715
6257,574
6258,462
6259,370
6260,297
6261,239
6262,192
6263,155
6264,180
6265,335
6266,460
6267,561
6268,645
6269,713
6270,769
6271,814
6272,851
6273,738
6274,594
6275,478
6276,384
6277,308
6278,247
6279,197
6280,160
6281,152
6282,314
6283,443
6284,548
6285,634
6286,704
6287,761
6288,808
6289,846
6290,764
6291,614
6292,493
6293,396
6294,318
6295,255
6296,205
6297,166
6298,134
6299,293
6300,425
6301,534
6302,621
6303,694
6304,753
6305,801
6306,841
6307,790
6308,635
6309,511
6310,410
6311,328
6312,264
6313,212
6314,171
6315,138
6316,270
6317,406
6318,518
6319,609
6320,684
6321,746
6322,795
6323,835
6324,817
6325,656
6326,528
6327,423
6328,340
6329,273
6330,219
6331,177
6332,143
6333,245
6334,387
6335,503
6336,596
6337,674
6338,736
6339,788
6340,829
6341,846
6342,678
6343,545
6344,438
6345,352
6346,282
6347,228
6348,183
6349,148
6350,221
6351,368
6352,487
6353,583
6354,663
6355,728
6356,781
6357,823
6358,858
6359,700
6360,564
6361,453
6362,364
6363,292
6364,234
6365,188
6366,151
6367,196
6368,347
6369,470
6370,570
6371,651
6372,719
6373,773
6374,818
6375,853
6376,725
6377,583
6378,468
6379,376
6380,302
6381,242
6382,196
6383,157
6384,169
6385,326
6386,453
6387,556
6388,641
6389,710
6390,766
6391,811
6392,849
6393,749
6394,602
6395,483
6396,388
6397,312
6398,250
6399,201
6400,161
6401,128
6402,304
6403,435
6404,542
6405,628
6406,700
6407,757
6408,805
6409,843
6410,775
6411,622
6412,501
6413,402
6414,322
6415,259
6416,208
6417,167
6418,136
6419,282
6420,418
6421,528
6422,616
6423,690
6424,750
6425,798
6426,838
6427,801
6428,644
6429,517
6430,416
6431,334
6432,267
6433,215
6434,174
6435,139
6436,259
6437,398
6438,511
6439,604
6440,679
6441,741
6442,791
6443,834
6444,830
6445,665
6446,536
6447,430
6448,345
6449,276
6450,223
6451,179
6452,146
6453,235
6454,380
6455,496
6456,592
6457,669
6458,733
6459,784
6460,827
6461,861
6462,686
6463,552
6464,444
6465,357
6466,286
6467,230
6468,186
6469,148
6470,209
6471,359
6472,479
6473,578
6474,658
6475,724
6476,777
6477,821
6478,856
6479,711
6480,572
6481,459
6482,368
6483,295
6484,238
6485,192
6486,154
6487,187
6488,339
6489,463
6490,564
6491,646
6492,716
6493,769
6494,815
6495,852
6496,736
6497,591
6498,475
6499,381
6500,305
6501,246
6502,198
6503,160
6504,156
6505,317
6506,446
6507,550
6508,636
6509,706
6510,762
6511,809
6512,846
6513,759
6514,611
6515,491
6516,394
6517,316
6518,254
6519,204
6520,165
6521,132
6522,296
6523,428
6524,536
6525,624
6526,695
6527,754
6528,802
6529,841
6530,785
6531,630
6532,509
6533,407
6534,327
6535,263
6536,212
6537,170
6538,138
6539,271
6540,409
6541,520
6542,611
6543,686
6544,746
6545,795
6546,836
6547,812
6548,652
6549,525
6550,420
6551,338
6552,271
6553,218
6554,176
6555,142
6556,248
6557,390
6558,506
6559,599
6560,675
6561,737
6562,789
6563,831
6564,842
6565,675
6566,543
6567,436
6568,350
6569,281
6570,226
6571,182
6572,146
6573,225
6574,371
6575,489
6576,586
6577,664
6578,729
6579,782
6580,824
6581,860
6582,698
6583,561
6584,450
6585,361
6586,290
6587,233
6588,187
6589,151
6590,199
6591,351
6592,473
6593,573
6594,654
6595,720
6596,774
6597,818
6598,855
6599,721
6600,579
6601,466
6602,373
6603,301
6604,240
6605,194
6606,156
6607,172
6608,329
6609,456
6610,558
6611,642
6612,710
6613,766
6614,812
6615,850
6616,745
6617,599
6618,482
6619,386
6620,310
6621,249
6622,200
6623,162
6624,146
6625,309
6626,438
6627,544
6628,631
6629,701
6630,758
6631,806
6632,844
6633,771
6634,620
6635,497
6636,400
6637,321
6638,258
6639,208
6640,168
6641,135
6642,285
6643,421
6644,530
6645,619
6646,691
6647,751
6648,799
6649,839
6650,797
6651,639
6652,514
6653,413
6654,332
6655,266
6656,214
6657,173
6658,139
6659,264
6660,402
6661,515
6662,605
6663,682
6664,743
6665,794
6666,834
6667,823
6668,662
6669,532
6670,427
6671,342
6672,275
6673,222
6674,178
6675,144
6676,238
6677,382
6678,498
6679,593
6680,671
6681,733
6682,786
6683,828
6684,861
6685,684
6686,550
6687,441
6688,355
6689,285
6690,228
6691,184
6692,149
6693,214
6694,363
6695,482
6696,580
6697,660
6698,725
6699,779
6700,821
6701,856
6702,707
6703,570
6704,458
6705,366
6706,293
6707,237
6708,190
6709,153
6710,189
6711,342
6712,465
6713,566
6714,650
6715,716
6716,772
6717,816
6718,852
6719,731
6720,587
6721,472
6722,379
6723,305
6724,244
6725,196
6726,157
6727,161
6728,321
6729,449
6730,553
6731,638
6732,707
6733,764
6734,809
6735,846
6736,756
6737,608
6738,488
6739,392
6740,314
6741,253
6742,203
6743,164
6744,129
6745,300
6746,430
6747,538
6748,624
6749,697
6750,755
6751,803
6752,842
6753,781
6754,627
6755,505
6756,405
6757,325
6758,262
6759,210
6760,170
6761,138
6762,276
6763,412
6764,524
6765,614
6766,688
6767,747
6768,797
6769,836
6770,809
6771,649
6772,522
6773,420
6774,336
6775,270
6776,217
6777,175
6778,142
6779,253
6780,393
6781,508
6782,601
6783,676
6784,739
6785,789
6786,831
6787,835
6788,671
6789,538
6790,433
6791,347
6792,278
6793,224
6794,180
6795,146
6796,229
6797,374
6798,491
6799,588
6800,667
6801,730
6802,783
6803,826
6804,860
6805,692
6806,558
6807,448
6808,360
6809,288
6810,231
6811,187
6812,151
6813,203
6814,354
6815,475
6816,574
6817,655
6818,721
6819,775
6820,820
6821,855
6822,718
6823,577
6824,463
6825,372
6826,299
6827,239
6828,194
6829,156
6830,178
6831,334
6832,457
6833,561
6834,644
6835,713
6836,768
6837,814
6838,850
6839,742
6840,595
6841,479
6842,384
6843,308
6844,248
6845,199
6846,161
6847,149
6848,312
6849,441
6850,547
6851,632
6852,703
6853,761
6854,807
6855,845
6856,767
6857,615
6858,495
6859,397
6860,319
6861,256
6862,206
6863,166
6864,134
6865,289
6866,423
6867,532
6868,620
6869,694
6870,752
6871,799
6872,840
6873,791
6874,638
6875,511
6876,411
6877,330
6878,264
6879,213
6880,172
6881,139
6882,265
6883,403
6884,517
6885,608
6886,683
6887,743
6888,793
6889,834
6890,820
6891,659
6892,529
6893,424
6894,341
6895,274
6896,221
6897,178
6898,144
6899,243
6900,386
6901,502
6902,596
6903,673
6904,735
6905,786
6906,829
6907,848
6908,680
6909,547
6910,439
6911,353
6912,283
6913,228
6914,183
6915,148
6916,220
6917,366
6918,486
6919,582
6920,662
6921,727
6922,780
6923,823
6924,857
6925,704
6926,567
6927,454
6928,365
6929,293
6930,234
6931,190
6932,154
6933,193
6934,346
6935,468
6936,569
6937,651
6938,718
6939,772
6940,817
6941,853
6942,727
6943,584
6944,469
6945,377
6946,303
6947,244
6948,196
6949,157
6950,166
6951,324
6952,451
6953,554
6954,639
6955,708
6956,765
6957,810
6958,848
6959,751
6960,606
6961,486
6962,390
6963,313
6964,251
6965,203
6966,163
6967,129
6968,303
6969,434
6970,540
6971,627
6972,700
6973,756
6974,804
6975,843
6976,778
6977,625
6978,503
6979,403
6980,323
6981,260
6982,209
6983,169
6984,135
6985,280
6986,416
6987,527
6988,616
6989,689
6990,749
6991,797
6992,837
6993,804
6994,645
6995,519
6996,417
6997,334
6998,269
6999,216
7000,174
7001,140
7002,256
7003,396
7004,510
7005,603
7006,679
7007,740
7008,791
7009,833
7010,832
7011,667
7012,537
7013,432
7014,345
7015,278
7016,223
7017,179
7018,146
7019,232
7020,376
7021,495
7022,590
7023,668
7024,731
7025,784
7026,826
7027,861
7028,690
7029,554
7030,445
7031,358
7032,287
7033,231
7034,186
7035,150
7036,208
7037,358
7038,477
7039,576
7040,657
7041,723
7042,776
7043,820
7044,856
7045,712
7046,573
7047,461
7048,370
7049,297
7050,238
7051,193
7052,155
7053,181
7054,336
7055,461
7056,563
7057,647
7058,713
7059,770
7060,814
7061,851
7062,737
7063,592
7064,477
7065,382
7066,307
7067,247
7068,198
7069,161
7070,154
7071,316
7072,444
7073,549
7074,634
7075,705
7076,762
7077,808
7078,846
7079,764
7080,613
7081,492
7082,396
7083,318
7084,256
7085,206
7086,165
7087,134
7088,293
7089,426
7090,534
7091,622
7092,695
7093,754
7094,800
7095,840
7096,789
7097,634
7098,510
7099,409
7100,328
7101,264
7102,212
7103,171
7104,138
7105,269
7106,408
7107,519
7108,609
7109,684
7110,745
7111,794
7112,835
7113,815
7114,655
7115,526
7116,423
7117,338
7118,272
7119,218
7120,176
7121,143
7122,246
7123,389
7124,504
7125,597
7126,674
7127,737
7128,788
7129,829
7130,843
7131,678
7132,545
7133,437
7134,351
7135,282
7136,227
7137,182
7138,148
7139,222
7140,368
7141,487
7142,584
7143,664
7144,728
7145,781
7146,825
7147,859
7148,701
7149,562
7150,452
7151,363
7152,291
7153,234
7154,188
7155,152
7156,196
7157,347
7158,470
7159,571
7160,652
7161,719
7162,774
7163,818
7164,854
7165,723
7166,582
7167,467
7168,374
7169,301
7170,242
7171,194
7172,158
7173,172
7174,328
7175,454
7176,557
7177,641
7178,709
7179,766
7180,812
7181,850
7182,748
7183,601
7184,483
7185,387
7186,311
7187,250
7188,201
7189,162
7190,144
7191,306
7192,437
7193,543
7194,629
7195,700
7196,759
7197,806
7198,843
7199,773
7200,622
7201,500
7202,401
7203,322
7204,257
7205,208
7206,168
7207,135
7208,282
7209,419
7210,528
7211,617
7212,690
7213,750
7214,798
7215,837
7216,799
7217,642
7218,517
7219,414
7220,333
7221,267
7222,215
7223,173
7224,141
7225,258
7226,399
7227,513
7228,605
7229,681
7230,742
7231,792
7232,833
7233,828
7234,663
7235,533
7236,429
7237,344
7238,276
7239,221
7240,179
7241,144
7242,235
7243,381
7244,497
7245,592
7246,670
7247,733
7248,785
7249,827
7250,862
7251,686
7252,551
7253,443
7254,356
7255,287
7256,230
7257,185
7258,150
7259,213
7260,360
7261,481
7262,579
7263,659
7264,725
7265,777
7266,821
7267,858
7268,708
7269,571
7270,459
7271,368
7272,295
7273,237
7274,192
7275,154
7276,186
7277,339
7278,464
7279,566
7280,648
7281,715
7282,771
7283,815
7284,852
7285,735
7286,589
7287,475
7288,380
7289,305
7290,245
7291,198
7292,160
7293,157
7294,319
7295,447
7296,551
7297,635
7298,705
7299,762
7300,808
7301,847
7302,758
7303,610
7304,490
7305,394
7306,315
7307,253
7308,204
7309,164
7310,129
7311,297
7312,430
7313,536
7314,624
7315,696
7316,755
7317,803
7318,842
7319,784
7320,629
7321,506
7322,406
7323,326
7324,262
7325,211
7326,169
7327,137
7328,273
7329,411
7330,522
7331,612
7332,686
7333,747
7334,796
7335,836
7336,812
7337,651
7338,524
7339,422
7340,338
7341,271
7342,218
7343,176
7344,141
7345,250
7346,391
7347,506
7348,598
7349,676
7350,738
7351,788
7352,830
7353,838
7354,673
7355,541
7356,435
7357,348
7358,279
7359,224
7360,182
7361,146
7362,226
7363,371
7364,489
7365,586
7366,665
7367,729
7368,782
7369,824
7370,859
7371,695
7372,559
7373,449
7374,361
7375,290
7376,233
7377,187
7378,151
7379,200
7380,353
7381,473
7382,572
7383,654
7384,719
7385,774
7386,818
7387,855
7388,720
7389,579
7390,465
7391,373
7392,300
7393,240
7394,192
7395,157
7396,176
7397,331
7398,456
7399,559
7400,643
7401,712
7402,768
7403,813
7404,850
7405,745
7406,598
7407,480
7408,386
7409,310
7410,248
7411,201
7412,161
7413,146
7414,310
7415,439
7416,545
7417,630
7418,702
7419,759
7420,806
7421,844
7422,769
7423,618
7424,497
7425,399
7426,321
7427,257
7428,207
7429,167
7430,135
7431,286
7432,421
7433,530
7434,619
7435,692
7436,751
7437,800
7438,838
7439,794
7440,638
7441,514
7442,412
7443,331
7444,265
7445,214
7446,173
7447,139
7448,263
7449,402
7450,515
7451,607
7452,681
7453,743
7454,794
7455,833
7456,823
7457,661
7458,532
7459,427
7460,342
7461,276
7462,222
7463,178
7464,143
7465,240
7466,383
7467,499
7468,594
7469,671
7470,734
7471,786
7472,828
7473,861
7474,683
7475,549
7476,441
7477,353
7478,284
7479,229
7480,183
7481,148
7482,216
7483,364
7484,484
7485,581
7486,660
7487,725
7488,779
7489,823
7490,857
7491,707
7492,567
7493,456
7494,366
7495,293
7496,236
7497,190
7498,154
7499,190
7500,342
7501,465
7502,567
7503,649
7504,717
7505,771
7506,816
7507,853
7508,729
7509,586
7510,471
7511,379
7512,304
7513,245
7514,196
7515,158
7516,163
7517,323
7518,450
7519,553
7520,638
7521,707
7522,765
7523,810
7524,848
7525,756
7526,606
7527,487
7528,391
7529,314
7530,253
7531,204
7532,164
7533,128
7534,302
7535,433
7536,539
7537,626
7538,698
7539,757
7540,805
7541,843
7542,780
7543,627
7544,504
7545,405
7546,324
7547,261
7548,210
7549,169
7550,136
7551,277
7552,413
7553,523
7554,614
7555,688
7556,747
7557,797
7558,837
7559,806
7560,648
7561,521
7562,419
7563,336
7564,269
7565,217
7566,175
7567,141
7568,254
7569,394
7570,509
7571,601
7572,678
7573,739
7574,791
7575,831
7576,834
7577,669
7578,539
7579,432
7580,347
7581,279
7582,224
7583,180
7584,146
7585,229
7586,376
7587,493
7588,588
7589,668
7590,732
7591,783
7592,826
7593,860
7594,692
7595,558
7596,448
7597,360
7598,289
7599,232
7600,186
7601,150
7602,206
7603,355
7604,476
7605,575
7606,656
7607,722
7608,776
7609,820
7610,855
7611,717
7612,576
7613,462
7614,372
7615,298
7616,239
7617,193
7618,154
7619,179
7620,335
7621,459
7622,561
7623,644
7624,714
7625,768
7626,814
7627,851
7628,740
7629,595
7630,478
7631,384
7632,308
7633,248
7634,199
7635,161
7636,150
7637,313
7638,440
7639,546
7640,632
7641,702
7642,760
7643,807
7644,845
7645,766
7646,615
7647,495
7648,397
7649,319
7650,256
7651,205
7652,166
7653,133
7654,290
7655,425
7656,533
7657,620
7658,694
7659,752
7660,800
7661,841
7662,792
7663,636
7664,512
7665,410
7666,330
7667,265
7668,213
7669,171
7670,139
7671,268
7672,405
7673,518
7674,608
7675,683
7676,744
7677,795
7678,834
7679,819
7680,656
7681,528
7682,424
7683,340
7684,273
7685,220
7686,177
7687,142
7688,244
7689,387
7690,502
7691,596
7692,672
7693,736
7694,787
7695,829
7696,845
7697,680
7698,547
7699,439
7700,353
7701,284
7702,228
7703,184
7704,148
7705,218
7706,366
7707,486
7708,582
7709,662
7710,727
7711,780
7712,823
7713,859
7714,703
7715,564
7716,453
7717,363
7718,292
7719,235
7720,190
7721,152
7722,194
7723,345
7724,467
7725,569
7726,651
7727,717
7728,773
7729,818
7730,852
7731,727
7732,584
7733,468
7734,376
7735,302
7736,243
7737,195
7738,158
7739,168
7740,326
7741,453
7742,556
7743,639
7744,709
7745,765
7746,812
7747,849
7748,751
7749,602
7750,485
7751,389
7752,312
7753,251
7754,202
7755,163
7756,128
7757,304
7758,435
7759,541
7760,628
7761,699
7762,757
7763,804
7764,842
7765,776
7766,624
7767,502
7768,402
7769,324
7770,259
7771,209
7772,168
7773,136
7774,280
7775,415
7776,527
7777,616
7778,690
7779,750
7780,797
7781,838
7782,802
7783,645
7784,518
7785,416
7786,334
7787,268
7788,216
7789,174
7790,140
7791,259
7792,398
7793,512
7794,604
7795,679
7796,741
7797,791
7798,832
7799,831
7800,666
7801,536
7802,430
7803,345
7804,278
7805,223
7806,180
7807,145
7808,237
7809,378
7810,496
7811,591
7812,669
7813,732
7814,784
7815,826
7816,861
7817,689
7818,553
7819,445
7820,357
7821,287
7822,230
7823,185
7824,150
7825,208
7826,358
7827,479
7828,577
7829,658
7830,724
7831,777
7832,820
7833,856
7834,713
7835,572
7836,459
7837,369
7838,297
7839,239
7840,192
7841,155
7842,183
7843,337
7844,462
7845,564
7846,646
7847,715
7848,769
7849,815
7850,852
7851,734
7852,592
7853,475
7854,383
7855,306
7856,246
7857,199
7858,160
7859,155
7860,316
7861,445
7862,549
7863,635
7864,704
7865,762
7866,809
7867,845
7868,761
7869,611
7870,491
7871,394
7872,317
7873,255
7874,205
7875,164
7876,132
7877,295
7878,427
7879,536
7880,623
7881,695
7882,754
7883,802
7884,841
7885,787
7886,633
7887,508
7888,408
7889,328
7890,263
7891,211
7892,170
7893,139
7894,272
7895,407
7896,520
7897,609
7898,685
7899,746
7900,795
7901,834
7902,815
7903,652
7904,526
7905,422
7906,339
7907,272
7908,219
7909,176
7910,143
7911,246
7912,388
7913,504
7914,598
7915,673
7916,737
7917,788
7918,829
7919,842
7920,676
7921,543
7922,436
7923,349
7924,280
7925,225
7926,182
7927,147
7928,223
7929,370
7930,488
7931,585
7932,664
7933,729
7934,782
7935,824
7936,859
7937,699
7938,562
7939,452
7940,362
7941,291
7942,234
7943,189
7944,153
7945,197
7946,349
7947,472
7948,571
7949,654
7950,720
7951,773
7952,818
7953,853
7954,723
7955,581
7956,466
7957,373
7958,299
7959,242
7960,194
7961,157
7962,172
7963,329
7964,454
7965,558
7966,641
7967,711
7968,767
7969,811
7970,849
7971,747
7972,599
7973,483
7974,387
7975,311
7976,249
7977,201
7978,161
7979,138
7980,305
7981,436
7982,542
7983,630
7984,700
7985,759
7986,806
7987,844
7988,772
7989,620
7990,499
7991,400
7992,320
7993,258
7994,209
7995,167
7996,135
7997,283
7998,420
7999,529
8000,618
8001,691
8002,751
8003,799
8004,838
8005,799
8006,642
8007,516
8008,415
8009,332
8010,267
8011,215
8012,173
8013,139
8014,262
8015,400
8016,514
8017,606
8018,681
8019,743
8020,791
8021,833
8022,824
8023,663
8024,533
8025,428
8026,342
8027,276
8028,222
8029,179
8030,144
8031,237
8032,382
8033,497
8034,593
8035,670
8036,734
8037,785
8038,826
8039,861
8040,685
8041,551
8042,442
8043,355
8044,286
8045,229
8046,184
8047,149
8048,212
8049,361
8050,481
8051,578
8052,658
8053,725
8054,778
8055,821
8056,856
8057,709
8058,569
8059,457
8060,367
8061,295
8062,237
8063,190
8064,154
8065,188
8066,340
8067,465
8068,565
8069,648
8070,716
8071,771
8072,816
8073,853
8074,734
8075,589
8076,474
8077,381
8078,305
8079,246
8080,197
8081,160
8082,161
8083,320
8084,448
8085,552
8086,637
8087,707
8088,764
8089,810
8090,847
8091,758
8092,609
8093,489
8094,393
8095,315
8096,254
8097,205
8098,165
8099,129
8100,299
8101,430
8102,538
8103,625
8104,696
8105,755
8106,803
8107,842
8108,782
8109,630
8110,507
8111,406
8112,327
8113,262
8114,210
8115,170
8116,137
8117,274
8118,411
8119,522
8120,612
8121,686
8122,746
8123,796
8124,835
8125,808
8126,649
8127,522
8128,419
8129,337
8130,270
8131,218
8132,175
8133,142
8134,252
8135,393
8136,507
8137,599
8138,676
8139,739
8140,790
8141,831
8142,837
8143,672
8144,540
8145,433
8146,349
8147,280
8148,225
8149,180
8150,147
8151,227
8152,371
8153,490
8154,585
8155,666
8156,730
8157,782
8158,825
8159,859
8160,694
8161,559
8162,448
8163,360
8164,289
8165,233
8166,187
8167,151
8168,201
8169,352
8170,475
8171,574
8172,655
8173,721
8174,774
8175,819
8176,855
8177,720
8178,578
8179,464
8180,373
8181,299
8182,241
8183,194
8184,156
8185,175
8186,332
8187,457
8188,559
8189,644
8190,712
8191,767
8192,813
8193,850
8194,743
8195,597
8196,480
8197,385
8198,309
8199,249
8200,199
8201,161
8202,147
8203,311
8204,440
8205,546
8206,632
8207,703
8208,759
8209,806
8210,844
8211,770
8212,618
8213,497
8214,400
8215,320
8216,257
8217,207
8218,167
8219,136
8220,288
8221,423
8222,532
8223,619
8224,693
8225,752
8226,800
8227,840
8228,794
8229,638
8230,513
8231,412
8232,330
8233,266
8234,214
8235,172
8236,138
8237,267
8238,404
8239,517
8240,606
8241,682
8242,743
8243,794
8244,834
8245,821
8246,660
8247,531
8248,426
8249,341
8250,275
8251,221
8252,178
8253,143
8254,241
8255,384
8256,499
8257,594
8258,672
8259,735
8260,786
8261,829
8262,849
8263,681
8264,549
8265,441
8266,353
8267,283
8268,229
8269,184
8270,147
8271,217
8272,364
8273,484
8274,581
8275,660
8276,726
8277,779
8278,823
8279,857
8280,704
8281,566
8282,455
8283,365
8284,293
8285,236
8286,189
8287,153
8288,192
8289,344
8290,468
8291,567
8292,649
8293,717
8294,771
8295,816
8296,853
8297,729
8298,585
8299,471
8300,378
8301,303
8302,243
8303,197
8304,158
8305,164
8306,324
8307,451
8308,555
8309,638
8310,708
8311,765
8312,810
8313,848
8314,753
8315,606
8316,487
8317,390
8318,314
8319,252
8320,202
