1,239
2,194
3,154
4,124
5,101
6,79
7,64
8,51
9,43
10,33
11,26
12,23
13,19
14,15
15,13
16,10
17,172
18,316
19,440
20,541
21,625
22,493
23,389
24,309
25,247
26,197
27,347
28,469
29,569
30,649
31,716
32,567
33,453
34,361
35,288
36,230
37,379
38,498
39,593
40,672
41,733
42,581
43,463
44,370
45,296
46,236
47,388
48,506
49,599
50,676
51,737
52,581
53,465
54,371
55,297
56,236
57,392
58,508
59,602
60,679
61,740
62,581
63,465
64,371
65,298
66,236
67,396
68,511
69,604
70,679
71,741
72,580
73,462
74,371
75,296
76,236
77,398
78,513
79,606
80,681
81,742
82,578
83,461
84,370
85,296
86,245
87,400
88,514
89,607
90,683
91,728
92,576
93,459
94,368
95,295
96,253
97,400
98,517
99,609
100,683
101,726
102,572
103,458
104,366
105,293
106,256
107,404
108,518
109,611
110,685
111,722
112,571
113,457
114,365
115,293
116,259
117,405
118,519
119,612
120,687
121,719
122,569
123,454
124,364
125,292
126,261
127,408
128,522
129,613
130,687
131,717
132,568
133,453
134,363
135,291
136,264
137,411
138,523
139,614
140,688
141,713
142,565
143,451
144,362
145,289
146,266
147,413
148,524
149,616
150,689
151,710
152,564
153,450
154,359
155,288
156,271
157,414
158,527
159,617
160,691
161,707
162,563
163,449
164,360
165,288
166,272
167,415
168,528
169,617
170,691
171,706
172,560
173,446
174,358
175,287
176,276
177,417
178,530
179,620
180,693
181,701
182,558
183,444
184,356
185,286
186,278
187,421
188,531
189,621
190,694
191,700
192,554
193,444
194,355
195,285
196,282
197,422
198,534
199,622
200,694
201,696
202,553
203,442
204,355
205,283
206,283
207,424
208,535
209,623
210,696
211,693
212,552
213,440
214,352
215,282
216,287
217,426
218,536
219,624
220,697
221,691
222,549
223,439
224,352
225,283
226,287
227,427
228,538
229,626
230,698
231,688
232,547
233,438
234,350
235,281
236,291
237,430
238,540
239,627
240,698
241,686
242,546
243,436
244,348
245,280
246,293
247,432
248,540
249,628
250,700
251,684
252,543
253,434
254,347
255,279
256,297
257,434
258,543
259,630
260,701
261,681
262,542
263,432
264,346
265,278
266,298
267,436
268,544
269,631
270,702
271,680
272,539
273,432
274,345
275,277
276,301
277,438
278,546
279,632
280,704
281,675
282,537
283,430
284,344
285,276
286,304
287,440
288,546
289,632
290,704
291,673
292,536
293,428
294,341
295,275
296,306
297,442
298,549
299,635
300,705
301,671
302,534
303,428
304,341
305,274
306,309
307,444
308,551
309,635
310,706
311,670
312,533
313,426
314,340
315,273
316,311
317,445
318,552
319,637
320,708
321,666
322,531
323,423
324,340
325,271
326,314
327,447
328,552
329,638
330,708
331,663
332,528
333,422
334,338
335,270
336,316
337,450
338,555
339,639
340,709
341,660
342,525
343,421
344,337
345,270
346,319
347,450
348,557
349,641
350,710
351,659
352,525
353,419
354,336
355,269
356,322
357,453
358,558
359,641
360,711
361,657
362,523
363,418
364,334
365,269
366,323
367,454
368,559
369,643
370,712
371,654
372,520
373,417
374,334
375,267
376,325
377,457
378,561
379,644
380,713
381,652
382,519
383,415
384,331
385,266
386,328
387,458
388,563
389,645
390,715
391,650
392,517
393,414
394,331
395,265
396,330
397,461
398,564
399,646
400,715
401,646
402,515
403,411
404,330
405,264
406,332
407,461
408,565
409,647
410,716
411,645
412,512
413,410
414,328
415,263
416,335
417,464
418,566
419,650
420,717
421,641
422,511
423,409
424,327
425,263
426,337
427,464
428,568
429,650
430,718
431,639
432,509
433,408
434,326
435,261
436,340
437,468
438,569
439,651
440,719
441,637
442,507
443,405
444,326
445,261
446,341
447,469
448,571
449,652
450,719
451,635
452,505
453,404
454,324
455,259
456,344
457,472
458,573
459,654
460,721
461,631
462,504
463,403
464,322
465,259
466,347
467,473
468,574
469,655
470,723
471,630
472,503
473,402
474,322
475,258
476,348
477,475
478,576
479,656
480,722
481,627
482,500
483,400
484,320
485,256
486,350
487,476
488,576
489,658
490,723
491,626
492,498
493,398
494,319
495,255
496,353
497,478
498,578
499,659
500,725
501,623
502,495
503,397
504,318
505,256
506,354
507,480
508,579
509,660
510,726
511,621
512,495
513,396
514,317
515,255
516,358
517,482
518,581
519,661
520,726
521,618
522,493
523,395
524,315
525,253
526,360
527,482
528,582
529,662
530,727
531,617
532,492
533,394
534,315
535,252
536,362
537,486
538,584
539,664
540,728
541,615
542,489
543,392
544,314
545,252
546,365
547,488
548,585
549,665
550,730
551,612
552,488
553,390
554,311
555,251
556,366
557,489
558,586
559,664
560,729
561,610
562,487
563,389
564,312
565,250
566,369
567,491
568,588
569,667
570,730
571,607
572,483
573,387
574,310
575,249
576,371
577,493
578,590
579,668
580,732
581,604
582,483
583,386
584,309
585,249
586,374
587,494
588,591
589,668
590,733
591,604
592,481
593,385
594,308
595,248
596,377
597,497
598,593
599,670
600,733
601,600
602,479
603,383
604,307
605,247
606,379
607,497
608,592
609,671
610,735
611,599
612,477
613,382
614,306
615,246
616,379
617,500
618,595
619,673
620,736
621,597
622,475
623,381
624,304
625,244
626,383
627,502
628,596
629,673
630,737
631,595
632,474
633,379
634,304
635,245
636,385
637,503
638,598
639,674
640,738
641,593
642,473
643,378
644,303
645,243
646,386
647,503
648,599
649,674
650,738
651,590
652,470
653,377
654,302
655,243
656,389
657,507
658,601
659,676
660,740
661,587
662,469
663,374
664,301
665,240
666,392
667,507
668,602
669,677
670,740
671,585
672,467
673,374
674,300
675,240
676,394
677,509
678,602
679,679
680,740
681,583
682,466
683,372
684,298
685,238
686,395
687,512
688,603
689,680
690,742
691,581
692,464
693,371
694,297
695,236
696,398
697,513
698,606
699,682
700,743
701,579
702,463
703,370
704,296
705,235
706,400
707,515
708,607
709,682
710,730
711,577
712,461
713,369
714,295
715,252
716,402
717,517
718,609
719,683
720,726
721,575
722,458
723,368
724,295
725,254
726,403
727,518
728,609
729,684
730,723
731,572
732,456
733,367
734,293
735,257
736,405
737,519
738,610
739,685
740,722
741,570
742,456
743,364
744,292
745,259
746,408
747,520
748,613
749,687
750,719
751,569
752,455
753,364
754,291
755,262
756,410
757,523
758,614
759,688
760,716
761,566
762,453
763,362
764,291
765,265
766,411
767,524
768,615
769,689
770,712
771,564
772,451
773,361
774,289
775,268
776,413
777,526
778,616
779,691
780,709
781,563
782,449
783,359
784,289
785,271
786,416
787,527
788,618
789,692
790,707
791,561
792,447
793,358
794,287
795,274
796,418
797,529
798,619
799,692
800,705
801,559
802,446
803,358
804,285
805,277
806,419
807,531
808,620
809,693
810,700
811,555
812,445
813,356
814,285
815,280
816,422
817,533
818,620
819,694
820,700
821,555
822,443
823,355
824,284
825,283
826,424
827,534
828,623
829,694
830,697
831,553
832,441
833,354
834,284
835,286
836,425
837,535
838,624
839,697
840,693
841,550
842,439
843,352
844,282
845,287
846,427
847,536
848,624
849,697
850,689
851,548
852,438
853,351
854,282
855,291
856,429
857,538
858,627
859,699
860,688
861,546
862,437
863,350
864,280
865,293
866,431
867,540
868,628
869,699
870,686
871,545
872,435
873,348
874,278
875,295
876,434
877,541
878,629
879,700
880,683
881,543
882,433
883,347
884,278
885,298
886,435
887,543
888,631
889,701
890,680
891,540
892,431
893,346
894,277
895,299
896,437
897,545
898,632
899,702
900,677
901,539
902,431
903,345
904,276
905,304
906,439
907,547
908,633
909,703
910,674
911,536
912,429
913,344
914,275
915,305
916,441
917,548
918,634
919,704
920,673
921,535
922,427
923,342
924,274
925,307
926,442
927,548
928,636
929,705
930,671
931,533
932,425
933,341
934,273
935,310
936,445
937,551
938,637
939,706
940,667
941,532
942,425
943,340
944,272
945,311
946,446
947,553
948,639
949,708
950,665
951,528
952,424
953,339
954,272
955,314
956,449
957,555
958,639
959,709
960,662
961,528
962,422
963,338
964,270
965,317
966,450
967,555
968,640
969,709
970,659
971,525
972,420
973,336
974,270
975,319
976,452
977,557
978,641
979,711
980,658
981,524
982,419
983,336
984,269
985,322
986,455
987,559
988,643
989,711
990,655
991,521
992,417
993,334
994,267
995,324
996,456
997,560
998,644
999,712
1000,653
1001,520
1002,416
1003,332
1004,267
1005,326
1006,457
1007,561
1008,645
1009,714
1010,652
1011,519
1012,414
1013,332
1014,267
1015,329
1016,460
1017,562
1018,647
1019,714
1020,649
1021,517
1022,413
1023,331
1024,265
1025,331
1026,460
1027,563
1028,647
1029,714
1030,646
1031,515
1032,412
1033,329
1034,265
1035,333
1036,463
1037,566
1038,649
1039,717
1040,643
1041,513
1042,410
1043,327
1044,263
1045,337
1046,465
1047,567
1048,649
1049,716
1050,640
1051,511
1052,407
1053,326
1054,262
1055,337
1056,467
1057,569
1058,650
1059,718
1060,639
1061,508
1062,407
1063,325
1064,260
1065,340
1066,469
1067,572
1068,652
1069,719
1070,635
1071,507
1072,406
1073,325
1074,260
1075,342
1076,470
1077,571
1078,654
1079,721
1080,634
1081,505
1082,404
1083,323
1084,259
1085,344
1086,472
1087,572
1088,654
1089,721
1090,631
1091,503
1092,402
1093,322
1094,259
1095,347
1096,474
1097,575
1098,656
1099,723
1100,630
1101,502
1102,401
1103,321
1104,257
1105,350
1106,476
1107,576
1108,657
1109,723
1110,625
1111,499
1112,399
1113,320
1114,256
1115,353
1116,478
1117,578
1118,658
1119,723
1120,625
1121,497
1122,398
1123,318
1124,255
1125,353
1126,479
1127,579
1128,658
1129,725
1130,622
1131,495
1132,396
1133,318
1134,256
1135,356
1136,482
1137,581
1138,661
1139,727
1140,620
1141,494
1142,395
1143,317
1144,254
1145,359
1146,484
1147,581
1148,662
1149,726
1150,618
1151,493
1152,393
1153,316
1154,254
1155,362
1156,485
1157,583
1158,664
1159,728
1160,616
1161,491
1162,393
1163,315
1164,253
1165,362
1166,486
1167,584
1168,664
1169,728
1170,613
1171,489
1172,391
1173,313
1174,251
1175,365
1176,489
1177,586
1178,666
1179,729
1180,611
1181,487
1182,389
1183,311
1184,251
1185,367
1186,490
1187,588
1188,666
1189,731
1190,609
1191,484
1192,388
1193,311
1194,249
1195,371
1196,492
1197,588
1198,667
1199,731
1200,606
1201,484
1202,387
1203,310
1204,249
1205,371
1206,493
1207,589
1208,668
1209,732
1210,603
1211,482
1212,386
1213,309
1214,248
1215,374
1216,495
1217,592
1218,669
1219,734
1220,602
1221,480
1222,384
1223,308
1224,247
1225,376
1226,497
1227,593
1228,671
1229,735
1230,599
1231,479
1232,383
1233,307
1234,245
1235,378
1236,499
1237,595
1238,671
1239,735
1240,597
1241,477
1242,382
1243,306
1244,244
1245,380
1246,500
1247,595
1248,673
1249,735
1250,596
1251,474
1252,380
1253,304
1254,244
1255,383
1256,502
1257,597
1258,674
1259,737
1260,594
1261,473
1262,379
1263,303
1264,244
1265,385
1266,504
1267,598
1268,675
1269,737
1270,592
1271,471
1272,377
1273,301
1274,243
1275,387
1276,505
1277,600
1278,676
1279,739
1280,589
1281,470
1282,377
1283,301
1284,242
1285,390
1286,506
1287,600
1288,677
1289,738
1290,586
1291,468
1292,374
1293,300
1294,240
1295,393
1296,509
1297,602
1298,678
1299,741
1300,583
1301,467
1302,372
1303,299
1304,238
1305,394
1306,510
1307,603
1308,680
1309,741
1310,582
1311,465
1312,373
1313,298
1314,237
1315,396
1316,512
1317,605
1318,681
1319,743
1320,580
1321,464
1322,371
1323,297
1324,236
1325,398
1326,514
1327,606
1328,683
1329,743
1330,578
1331,462
1332,369
1333,296
1334,251
1335,401
1336,515
1337,608
1338,682
1339,728
1340,575
1341,459
1342,368
1343,294
1344,253
1345,402
1346,517
1347,609
1348,684
1349,725
1350,574
1351,458
1352,366
1353,294
1354,255
1355,404
1356,520
1357,610
1358,684
1359,723
1360,571
1361,456
1362,365
1363,293
1364,257
1365,406
1366,519
1367,611
1368,686
1369,719
1370,570
1371,454
1372,364
1373,292
1374,260
1375,408
1376,522
1377,613
1378,687
1379,717
1380,568
1381,454
1382,363
1383,290
1384,264
1385,411
1386,524
1387,615
1388,688
1389,715
1390,564
1391,451
1392,361
1393,290
1394,268
1395,413
1396,524
1397,616
1398,689
1399,711
1400,563
1401,451
1402,360
1403,289
1404,269
1405,415
1406,525
1407,617
1408,691
1409,709
1410,562
1411,449
1412,360
1413,288
1414,272
1415,417
1416,529
1417,618
1418,692
1419,706
1420,560
1421,447
1422,358
1423,287
1424,275
1425,418
1426,531
1427,620
1428,694
1429,703
1430,558
1431,446
1432,357
1433,286
1434,279
1435,421
1436,533
1437,621
1438,693
1439,700
1440,556
1441,443
1442,355
1443,284
1444,279
1445,422
1446,533
1447,622
1448,695
1449,697
1450,553
1451,442
1452,354
1453,284
1454,284
1455,425
1456,535
1457,623
1458,697
1459,695
1460,551
1461,441
1462,352
1463,283
1464,286
1465,426
1466,537
1467,625
1468,697
1469,692
1470,550
1471,440
1472,352
1473,282
1474,288
1475,428
1476,538
1477,626
1478,698
1479,690
1480,548
1481,438
1482,351
1483,280
1484,291
1485,429
1486,539
1487,627
1488,698
1489,687
1490,545
1491,436
1492,348
1493,280
1494,295
1495,433
1496,541
1497,628
1498,700
1499,682
1500,543
1501,435
1502,347
1503,279
1504,296
1505,434
1506,542
1507,629
1508,701
1509,681
1510,542
1511,433
1512,346
1513,278
1514,298
1515,437
1516,545
1517,631
1518,703
1519,680
1520,540
1521,431
1522,346
1523,277
1524,300
1525,438
1526,545
1527,632
1528,703
1529,677
1530,537
1531,430
1532,344
1533,276
1534,304
1535,440
1536,548
1537,634
1538,705
1539,673
1540,536
1541,428
1542,342
1543,275
1544,306
1545,442
1546,548
1547,634
1548,704
1549,672
1550,534
1551,426
1552,342
1553,274
1554,309
1555,444
1556,550
1557,637
1558,706
1559,668
1560,532
1561,426
1562,340
1563,273
1564,310
1565,444
1566,551
1567,637
1568,707
1569,665
1570,530
1571,424
1572,339
1573,271
1574,313
1575,447
1576,553
1577,638
1578,708
1579,662
1580,528
1581,422
1582,337
1583,271
1584,317
1585,449
1586,555
1587,639
1588,710
1589,662
1590,526
1591,420
1592,336
1593,269
1594,318
1595,451
1596,556
1597,641
1598,710
1599,659
1600,524
1601,420
1602,335
1603,270
1604,320
1605,453
1606,558
1607,641
1608,711
1609,657
1610,523
1611,418
1612,334
1613,269
1614,322
1615,455
1616,559
1617,644
1618,712
1619,654
1620,521
1621,416
1622,332
1623,267
1624,326
1625,457
1626,561
1627,645
1628,713
1629,652
1630,519
1631,416
1632,333
1633,267
1634,328
1635,459
1636,563
1637,646
1638,715
1639,648
1640,517
1641,413
1642,331
1643,266
1644,329
1645,461
1646,563
1647,647
1648,715
1649,647
1650,515
1651,412
1652,329
1653,264
1654,333
1655,462
1656,565
1657,648
1658,716
1659,645
1660,513
1661,411
1662,329
1663,264
1664,337
1665,464
1666,566
1667,649
1668,717
1669,641
1670,511
1671,409
1672,327
1673,263
1674,337
1675,466
1676,567
1677,650
1678,718
1679,640
1680,510
1681,408
1682,326
1683,262
1684,339
1685,468
1686,569
1687,651
1688,719
1689,637
1690,508
1691,406
1692,325
1693,261
1694,342
1695,470
1696,572
1697,652
1698,720
1699,634
1700,506
1701,404
1702,324
1703,260
1704,343
1705,472
1706,573
1707,655
1708,720
1709,632
1710,505
1711,404
1712,323
1713,259
1714,346
1715,474
1716,574
1717,655
1718,722
1719,630
1720,503
1721,401
1722,321
1723,258
1724,348
1725,475
1726,574
1727,656
1728,722
1729,628
1730,500
1731,400
1732,320
1733,257
1734,351
1735,478
1736,576
1737,657
1738,723
1739,626
1740,499
1741,399
1742,319
1743,256
1744,352
1745,477
1746,578
1747,658
1748,723
1749,623
1750,497
1751,398
1752,319
1753,256
1754,356
1755,480
1756,579
1757,661
1758,726
1759,620
1760,495
1761,396
1762,318
1763,254
1764,357
1765,482
1766,581
1767,661
1768,725
1769,619
1770,493
1771,395
1772,316
1773,254
1774,360
1775,484
1776,582
1777,662
1778,726
1779,617
1780,491
1781,393
1782,315
1783,253
1784,362
1785,486
1786,584
1787,664
1788,728
1789,615
1790,489
1791,392
1792,314
1793,252
1794,366
1795,488
1796,586
1797,665
1798,729
1799,613
1800,489
1801,390
1802,313
1803,252
1804,366
1805,489
1806,586
1807,665
1808,729
1809,610
1810,487
1811,389
1812,311
1813,250
1814,368
1815,491
1816,588
1817,667
1818,731
1819,607
1820,485
1821,388
1822,311
1823,250
1824,371
1825,493
1826,589
1827,668
1828,732
1829,606
1830,482
1831,386
1832,309
1833,249
1834,373
1835,493
1836,591
1837,668
1838,733
1839,602
1840,481
1841,385
1842,309
1843,248
1844,374
1845,496
1846,592
1847,670
1848,734
1849,601
1850,479
1851,384
1852,307
1853,247
1854,377
1855,498
1856,593
1857,672
1858,734
1859,598
1860,477
1861,382
1862,306
1863,245
1864,380
1865,500
1866,594
1867,673
1868,735
1869,596
1870,476
1871,381
1872,305
1873,244
1874,382
1875,502
1876,596
1877,673
1878,736
1879,593
1880,475
1881,380
1882,305
1883,245
1884,383
1885,502
1886,597
1887,675
1888,737
1889,591
1890,472
1891,378
1892,303
1893,242
1894,386
1895,505
1896,599
1897,675
1898,739
1899,590
1900,471
1901,377
1902,302
1903,242
1904,389
1905,506
1906,601
1907,677
1908,738
1909,587
1910,469
1911,375
1912,301
1913,240
1914,391
1915,508
1916,602
1917,677
1918,740
1919,585
1920,467
1921,374
1922,300
1923,240
1924,393
1925,510
1926,603
1927,678
1928,741
1929,583
1930,466
1931,373
1932,299
1933,237
1934,395
1935,511
1936,604
1937,680
1938,742
1939,581
1940,463
1941,371
1942,298
1943,237
1944,398
1945,513
1946,606
1947,681
1948,743
1949,579
1950,462
1951,371
1952,296
1953,236
1954,400
1955,515
1956,607
1957,683
1958,730
1959,576
1960,460
1961,369
1962,296
1963,254
1964,400
1965,516
1966,609
1967,683
1968,724
1969,575
1970,459
1971,368
1972,294
1973,254
1974,403
1975,517
1976,609
1977,685
1978,726
1979,573
1980,457
1981,366
1982,294
1983,256
1984,405
1985,519
1986,611
1987,686
1988,722
1989,571
1990,455
1991,365
1992,293
1993,259
1994,408
1995,521
1996,613
1997,687
1998,719
1999,568
2000,455
2001,364
2002,292
2003,262
2004,410
2005,522
2006,614
2007,687
2008,714
2009,566
2010,452
2011,362
2012,290
2013,265
2014,411
2015,524
2016,615
2017,689
2018,712
2019,564
2020,452
2021,362
2022,288
2023,267
2024,414
2025,527
2026,616
2027,689
2028,709
2029,561
2030,450
2031,360
2032,289
2033,271
2034,416
2035,527
2036,617
2037,691
2038,707
2039,559
2040,448
2041,358
2042,287
2043,272
2044,417
2045,529
2046,618
2047,692
2048,701
2049,559
2050,446
2051,358
2052,286
2053,277
2054,419
2055,531
2056,620
2057,693
2058,702
2059,557
2060,445
2061,356
2062,286
2063,280
2064,422
2065,533
2066,620
2067,694
2068,699
2069,554
2070,442
2071,354
2072,284
2073,282
2074,424
2075,534
2076,622
2077,695
2078,696
2079,552
2080,441
2081,353
2082,284
2083,285
2084,426
2085,535
2086,624
2087,696
2088,692
2089,550
2090,440
2091,351
2092,282
2093,289
2094,427
2095,537
2096,626
2097,696
2098,691
2099,548
2100,439
2101,351
2102,281
2103,291
2104,429
2105,539
2106,627
2107,699
2108,688
2109,547
2110,436
2111,350
2112,281
2113,292
2114,430
2115,540
2116,627
2117,699
2118,686
2119,544
2120,435
2121,348
2122,279
2123,294
2124,433
2125,542
2126,629
2127,701
2128,683
2129,543
2130,434
2131,348
2132,278
2133,298
2134,435
2135,542
2136,630
2137,700
2138,680
2139,541
2140,433
2141,346
2142,277
2143,300
2144,438
2145,545
2146,631
2147,702
2148,678
2149,539
2150,431
2151,344
2152,276
2153,303
2154,439
2155,547
2156,634
2157,704
2158,676
2159,536
2160,429
2161,344
2162,275
2163,303
2164,441
2165,548
2166,633
2167,703
2168,673
2169,534
2170,427
2171,341
2172,273
2173,308
2174,443
2175,548
2176,636
2177,706
2178,670
2179,533
2180,427
2181,341
2182,273
2183,310
2184,445
2185,551
2186,637
2187,707
2188,668
2189,531
2190,425
2191,340
2192,273
2193,312
2194,447
2195,552
2196,637
2197,707
2198,665
2199,529
2200,422
2201,338
2202,271
2203,314
2204,447
2205,554
2206,639
2207,709
2208,662
2209,527
2210,421
2211,337
2212,270
2213,317
2214,450
2215,555
2216,640
2217,709
2218,661
2219,525
2220,421
2221,337
2222,270
2223,321
2224,453
2225,557
2226,641
2227,710
2228,657
2229,524
2230,418
2231,335
2232,269
2233,321
2234,453
2235,559
2236,643
2237,712
2238,656
2239,521
2240,416
2241,334
2242,267
2243,325
2244,456
2245,560
2246,644
2247,713
2248,652
2249,520
2250,415
2251,333
2252,267
2253,327
2254,458
2255,562
2256,644
2257,714
2258,652
2259,518
2260,415
2261,332
2262,267
2263,330
2264,460
2265,564
2266,646
2267,715
2268,648
2269,516
2270,413
2271,330
2272,264
2273,332
2274,462
2275,565
2276,648
2277,716
2278,646
2279,514
2280,411
2281,330
2282,265
2283,333
2284,463
2285,566
2286,649
2287,717
2288,643
2289,512
2290,409
2291,328
2292,263
2293,335
2294,465
2295,568
2296,650
2297,717
2298,641
2299,511
2300,408
2301,327
2302,262
2303,338
2304,467
2305,569
2306,652
2307,718
2308,638
2309,509
2310,406
2311,324
2312,261
2313,341
2314,468
2315,570
2316,653
2317,718
2318,636
2319,506
2320,405
2321,325
2322,261
2323,342
2324,471
2325,571
2326,653
2327,719
2328,634
2329,505
2330,404
2331,323
2332,259
2333,346
2334,473
2335,573
2336,655
2337,721
2338,632
2339,503
2340,403
2341,323
2342,258
2343,348
2344,474
2345,575
2346,656
2347,722
2348,630
2349,503
2350,402
2351,322
2352,258
2353,351
2354,477
2355,577
2356,658
2357,723
2358,627
2359,500
2360,400
2361,320
2362,257
2363,352
2364,478
2365,578
2366,658
2367,723
2368,626
2369,499
2370,399
2371,319
2372,256
2373,355
2374,480
2375,579
2376,660
2377,725
2378,622
2379,496
2380,397
2381,318
2382,255
2383,356
2384,481
2385,581
2386,660
2387,725
2388,619
2389,493
2390,396
2391,317
2392,253
2393,359
2394,482
2395,581
2396,661
2397,728
2398,618
2399,492
2400,394
2401,316
2402,253
2403,360
2404,485
2405,583
2406,662
2407,728
2408,616
2409,490
2410,391
2411,314
2412,252
2413,363
2414,486
2415,584
2416,664
2417,728
2418,613
2419,489
2420,391
2421,314
2422,251
2423,365
2424,489
2425,586
2426,666
2427,730
2428,611
2429,487
2430,390
2431,313
2432,251
2433,369
2434,490
2435,587
2436,667
2437,731
2438,609
2439,485
2440,389
2441,311
2442,250
2443,369
2444,492
2445,588
2446,667
2447,731
2448,607
2449,483
2450,388
2451,310
2452,249
2453,371
2454,493
2455,590
2456,669
2457,733
2458,605
2459,482
2460,386
2461,309
2462,247
2463,373
2464,495
2465,591
2466,670
2467,734
2468,602
2469,481
2470,384
2471,308
2472,247
2473,377
2474,497
2475,594
2476,671
2477,734
2478,598
2479,479
2480,384
2481,307
2482,247
2483,378
2484,498
2485,593
2486,672
2487,734
2488,598
2489,477
2490,381
2491,306
2492,245
2493,381
2494,501
2495,595
2496,673
2497,736
2498,596
2499,475
2500,380
2501,304
2502,244
2503,383
2504,502
2505,596
2506,674
2507,736
2508,593
2509,474
2510,378
2511,304
2512,243
2513,385
2514,504
2515,597
2516,674
2517,738
2518,590
2519,472
2520,377
2521,302
2522,244
2523,386
2524,504
2525,600
2526,676
2527,739
2528,588
2529,470
2530,375
2531,302
2532,240
2533,390
2534,507
2535,601
2536,678
2537,740
2538,585
2539,468
2540,375
2541,300
2542,240
2543,392
2544,509
2545,603
2546,679
2547,739
2548,584
2549,467
2550,373
2551,299
2552,238
2553,394
2554,511
2555,604
2556,680
2557,741
2558,583
2559,465
2560,372
2561,298
2562,237
2563,396
2564,512
2565,605
2566,681
2567,742
2568,580
2569,464
2570,371
2571,297
2572,236
2573,398
2574,514
2575,607
2576,683
2577,742
2578,578
2579,462
2580,369
2581,296
2582,251
2583,401
2584,516
2585,607
2586,683
2587,729
2588,576
2589,460
2590,369
2591,294
2592,254
2593,402
2594,518
2595,609
2596,684
2597,724
2598,573
2599,458
2600,366
2601,294
2602,254
2603,404
2604,517
2605,608
2606,685
2607,721
2608,572
2609,457
2610,366
2611,293
2612,258
2613,407
2614,520
2615,611
2616,687
2617,720
2618,569
2619,454
2620,365
2621,291
2622,261
2623,410
2624,523
2625,614
2626,687
2627,717
2628,567
2629,453
2630,363
2631,291
2632,265
2633,411
2634,524
2635,614
2636,689
2637,714
2638,565
2639,452
2640,361
2641,290
2642,266
2643,412
2644,525
2645,616
2646,690
2647,710
2648,564
2649,450
2650,361
2651,289
2652,270
2653,414
2654,528
2655,617
2656,690
2657,709
2658,561
2659,449
2660,359
2661,288
2662,273
2663,416
2664,529
2665,619
2666,691
2667,705
2668,559
2669,446
2670,358
2671,287
2672,274
2673,419
2674,530
2675,618
2676,693
2677,703
2678,557
2679,445
2680,356
2681,285
2682,276
2683,420
2684,532
2685,620
2686,693
2687,700
2688,556
2689,443
2690,355
2691,284
2692,282
2693,423
2694,532
2695,623
2696,694
2697,698
2698,553
2699,442
2700,354
2701,284
2702,284
2703,425
2704,535
2705,624
2706,696
2707,694
2708,551
2709,440
2710,353
2711,283
2712,285
2713,427
2714,537
2715,625
2716,697
2717,693
2718,550
2719,439
2720,351
2721,282
2722,289
2723,428
2724,537
2725,626
2726,697
2727,689
2728,548
2729,437
2730,351
2731,280
2732,291
2733,429
2734,539
2735,626
2736,699
2737,687
2738,546
2739,436
2740,350
2741,279
2742,293
2743,433
2744,540
2745,629
2746,700
2747,684
2748,543
2749,435
2750,348
2751,279
2752,295
2753,434
2754,542
2755,630
2756,701
2757,682
2758,541
2759,433
2760,347
2761,277
2762,297
2763,436
2764,544
2765,631
2766,701
2767,679
2768,539
2769,431
2770,345
2771,276
2772,301
2773,438
2774,545
2775,632
2776,702
2777,675
2778,538
2779,431
2780,343
2781,276
2782,304
2783,440
2784,547
2785,634
2786,704
2787,674
2788,536
2789,427
2790,344
2791,274
2792,306
2793,442
2794,548
2795,635
2796,704
2797,672
2798,534
2799,427
2800,342
2801,274
2802,308
2803,443
2804,550
2805,636
2806,705
2807,669
2808,531
2809,425
2810,340
2811,273
2812,311
2813,445
2814,551
2815,637
2816,707
2817,665
2818,529
2819,424
2820,338
2821,271
2822,314
2823,447
2824,554
2825,639
2826,708
2827,664
2828,528
2829,422
2830,338
2831,272
2832,316
2833,450
2834,554
2835,640
2836,708
2837,661
2838,527
2839,421
2840,336
2841,270
2842,318
2843,451
2844,555
2845,641
2846,710
2847,658
2848,525
2849,419
2850,336
2851,269
2852,321
2853,453
2854,558
2855,643
2856,711
2857,656
2858,522
2859,417
2860,335
2861,268
2862,324
2863,456
2864,559
2865,643
2866,713
2867,655
2868,521
2869,416
2870,333
2871,267
2872,326
2873,457
2874,560
2875,645
2876,713
2877,653
2878,519
2879,415
2880,333
2881,266
2882,327
2883,459
2884,562
2885,645
2886,713
2887,649
2888,517
2889,413
2890,331
2891,265
2892,330
2893,460
2894,564
2895,647
2896,715
2897,647
2898,515
2899,412
2900,330
2901,264
2902,334
2903,463
2904,566
2905,649
2906,716
2907,643
2908,514
2909,411
2910,327
2911,264
2912,335
2913,464
2914,567
2915,649
2916,717
2917,642
2918,511
2919,408
2920,328
2921,262
2922,336
2923,465
2924,568
2925,651
2926,718
2927,639
2928,509
2929,408
2930,326
2931,261
2932,340
2933,467
2934,570
2935,652
2936,719
2937,638
2938,508
2939,406
2940,325
2941,261
2942,342
2943,470
2944,571
2945,653
2946,720
2947,634
2948,507
2949,405
2950,324
2951,260
2952,344
2953,472
2954,573
2955,654
2956,720
2957,633
2958,505
2959,403
2960,322
2961,258
2962,346
2963,472
2964,574
2965,655
2966,722
2967,629
2968,502
2969,401
2970,322
2971,258
2972,347
2973,475
2974,575
2975,657
2976,723
2977,628
2978,500
2979,400
2980,321
2981,258
2982,350
2983,477
2984,577
2985,657
2986,723
2987,623
2988,498
2989,399
2990,320
2991,257
2992,354
2993,479
2994,579
2995,658
2996,725
2997,624
2998,497
2999,398
3000,319
3001,255
3002,356
3003,480
3004,579
3005,660
3006,725
3007,620
3008,495
3009,396
3010,316
3011,255
3012,359
3013,482
3014,581
3015,661
3016,726
3017,618
3018,493
3019,395
3020,315
3021,253
3022,360
3023,485
3024,583
3025,662
3026,728
3027,617
3028,492
3029,393
3030,315
3031,254
3032,364
3033,485
3034,583
3035,664
3036,729
3037,615
3038,490
3039,392
3040,313
3041,251
3042,364
3043,486
3044,585
3045,664
3046,730
3047,613
3048,488
3049,390
3050,313
3051,251
3052,366
3053,489
3054,587
3055,665
3056,731
3057,610
3058,487
3059,389
3060,312
3061,249
3062,369
3063,491
3064,588
3065,667
3066,731
3067,608
3068,485
3069,387
3070,311
3071,249
3072,373
3073,493
3074,589
3075,668
3076,732
3077,604
3078,483
3079,387
3080,308
3081,249
3082,372
3083,493
3084,590
3085,669
3086,732
3087,603
3088,481
3089,385
3090,307
3091,248
3092,376
3093,496
3094,592
3095,671
3096,734
3097,601
3098,480
3099,384
3100,306
3101,247
3102,378
3103,498
3104,594
3105,672
3106,735
3107,599
3108,477
3109,383
3110,306
3111,245
3112,380
3113,500
3114,595
3115,672
3116,735
3117,596
3118,477
3119,381
3120,306
3121,245
3122,381
3123,500
3124,596
3125,674
3126,737
3127,594
3128,475
3129,379
3130,304
3131,244
3132,383
3133,503
3134,598
3135,675
3136,738
3137,593
3138,472
3139,378
3140,303
3141,243
3142,386
3143,504
3144,599
3145,676
3146,739
3147,589
3148,471
3149,377
3150,302
3151,241
3152,389
3153,507
3154,600
3155,676
3156,740
3157,587
3158,470
3159,376
3160,302
3161,242
3162,389
3163,507
3164,601
3165,678
3166,739
3167,585
3168,468
3169,374
3170,300
3171,240
3172,393
3173,510
3174,602
3175,678
3176,741
3177,583
3178,466
3179,373
3180,299
3181,237
3182,395
3183,512
3184,604
3185,680
3186,741
3187,581
3188,464
3189,371
3190,297
3191,236
3192,398
3193,513
3194,606
3195,681
3196,743
3197,579
3198,463
3199,369
3200,297
3201,235
3202,399
3203,513
3204,607
3205,681
3206,730
3207,575
3208,461
3209,369
3210,295
3211,251
3212,401
3213,517
3214,609
3215,684
3216,726
3217,575
3218,459
3219,368
3220,295
3221,256
3222,404
3223,518
3224,610
3225,685
3226,725
3227,573
3228,458
3229,366
3230,293
3231,257
3232,405
3233,520
3234,612
3235,685
3236,722
3237,570
3238,456
3239,364
3240,293
3241,259
3242,407
3243,521
3244,612
3245,687
3246,717
3247,569
3248,453
3249,364
3250,291
3251,262
3252,410
3253,523
3254,613
3255,688
3256,716
3257,567
3258,452
3259,362
3260,291
3261,266
3262,412
3263,525
3264,614
3265,689
3266,712
3267,564
3268,452
3269,361
3270,289
3271,269
3272,414
3273,526
3274,617
3275,690
3276,710
3277,563
3278,449
3279,360
3280,288
3281,271
3282,416
3283,528
3284,617
3285,691
3286,706
3287,559
3288,448
3289,359
3290,288
3291,274
3292,418
3293,529
3294,619
3295,693
3296,705
3297,559
3298,447
3299,358
3300,287
3301,277
3302,420
3303,531
3304,620
3305,693
3306,702
3307,557
3308,445
3309,356
3310,284
3311,279
3312,422
3313,533
3314,622
3315,695
3316,698
3317,555
3318,443
3319,355
3320,284
3321,280
3322,423
3323,534
3324,623
3325,695
3326,695
3327,552
3328,442
3329,353
3330,283
3331,287
3332,425
3333,536
3334,624
3335,695
3336,694
3337,550
3338,440
3339,353
3340,283
3341,286
3342,427
3343,537
3344,625
3345,697
3346,691
3347,549
3348,439
3349,351
3350,282
3351,290
3352,429
3353,539
3354,627
3355,698
3356,689
3357,547
3358,438
3359,350
3360,280
3361,292
3362,432
3363,539
3364,627
3365,699
3366,685
3367,543
3368,435
3369,349
3370,279
3371,298
3372,434
3373,542
3374,629
3375,701
3376,682
3377,542
3378,434
3379,347
3380,279
3381,297
3382,435
3383,543
3384,630
3385,701
3386,681
3387,541
3388,432
3389,346
3390,278
3391,300
3392,437
3393,545
3394,632
3395,703
3396,677
3397,539
3398,431
3399,345
3400,277
3401,303
3402,439
3403,546
3404,633
3405,703
3406,675
3407,537
3408,429
3409,344
3410,274
3411,305
3412,440
3413,549
3414,634
3415,704
3416,672
3417,535
3418,429
3419,343
3420,274
3421,307
3422,443
3423,550
3424,636
3425,705
3426,671
3427,533
3428,426
3429,341
3430,274
3431,311
3432,445
3433,551
3434,637
3435,707
3436,668
3437,531
3438,424
3439,340
3440,272
3441,312
3442,446
3443,552
3444,637
3445,707
3446,665
3447,529
3448,424
3449,339
3450,272
3451,314
3452,448
3453,554
3454,639
3455,709
3456,661
3457,527
3458,421
3459,337
3460,270
3461,317
3462,451
3463,555
3464,640
3465,710
3466,661
3467,525
3468,419
3469,337
3470,270
3471,321
3472,453
3473,558
3474,642
3475,711
3476,658
3477,523
3478,419
3479,334
3480,269
3481,321
3482,454
3483,559
3484,642
3485,711
3486,654
3487,521
3488,417
3489,335
3490,267
3491,324
3492,455
3493,560
3494,644
3495,711
3496,654
3497,520
3498,416
3499,332
3500,266
3501,328
3502,459
3503,560
3504,645
3505,714
3506,650
3507,518
3508,413
3509,332
3510,266
3511,329
3512,460
3513,563
3514,647
3515,714
3516,647
3517,515
3518,413
3519,330
3520,265
3521,330
3522,460
3523,564
3524,648
3525,714
3526,646
3527,514
3528,411
3529,329
3530,263
3531,334
3532,463
3533,565
3534,648
3535,717
3536,642
3537,512
3538,410
3539,328
3540,262
3541,336
3542,464
3543,567
3544,649
3545,717
3546,640
3547,511
3548,408
3549,327
3550,262
3551,338
3552,467
3553,569
3554,652
3555,718
3556,638
3557,509
3558,407
3559,325
3560,261
3561,340
3562,468
3563,569
3564,651
3565,719
3566,635
3567,506
3568,405
3569,325
3570,261
3571,343
3572,471
3573,572
3574,653
3575,720
3576,634
3577,505
3578,404
3579,324
3580,260
3581,346
3582,473
3583,573
3584,655
3585,722
3586,629
3587,503
3588,403
3589,321
3590,259
3591,347
3592,474
3593,575
3594,656
3595,723
3596,629
3597,502
3598,401
3599,322
3600,258
3601,350
3602,477
3603,576
3604,658
3605,723
3606,627
3607,500
3608,400
3609,320
3610,257
3611,352
3612,478
3613,577
3614,659
3615,725
3616,626
3617,499
3618,399
3619,320
3620,256
3621,355
3622,480
3623,578
3624,660
3625,725
3626,622
3627,497
3628,397
3629,318
3630,256
3631,357
3632,480
3633,580
3634,661
3635,726
3636,619
3637,494
3638,395
3639,317
3640,255
3641,358
3642,483
3643,581
3644,661
3645,727
3646,618
3647,492
3648,393
3649,315
3650,253
3651,361
3652,485
3653,582
3654,662
3655,729
3656,615
3657,491
3658,393
3659,315
3660,253
3661,364
3662,487
3663,584
3664,664
3665,729
3666,614
3667,490
3668,392
3669,313
3670,253
3671,367
3672,488
3673,585
3674,664
3675,730
3676,611
3677,488
3678,390
3679,313
3680,251
3681,368
3682,490
3683,587
3684,665
3685,730
3686,608
3687,484
3688,388
3689,310
3690,250
3691,370
3692,491
3693,589
3694,667
3695,731
3696,607
3697,484
3698,387
3699,310
3700,248
3701,372
3702,493
3703,590
3704,669
3705,733
3706,605
3707,482
3708,385
3709,309
3710,248
3711,374
3712,495
3713,592
3714,670
3715,733
3716,602
3717,480
3718,384
3719,307
3720,247
3721,376
3722,497
3723,593
3724,671
3725,734
3726,600
3727,479
3728,382
3729,306
3730,245
3731,379
3732,499
3733,595
3734,672
3735,735
3736,598
3737,477
3738,382
3739,306
3740,246
3741,380
3742,501
3743,596
3744,673
3745,736
3746,596
3747,475
3748,381
3749,305
3750,245
3751,383
3752,503
3753,597
3754,674
3755,737
3756,593
3757,474
3758,380
3759,304
3760,243
3761,384
3762,503
3763,598
3764,675
3765,737
3766,591
3767,472
3768,377
3769,303
3770,243
3771,389
3772,506
3773,600
3774,677
3775,739
3776,589
3777,470
3778,377
3779,301
3780,242
3781,391
3782,507
3783,602
3784,678
3785,740
3786,585
3787,468
3788,375
3789,300
3790,240
3791,393
3792,508
3793,602
3794,679
3795,741
3796,585
3797,468
3798,374
3799,300
3800,240
3801,393
3802,508
3803,604
3804,679
3805,741
3806,582
3807,464
3808,371
3809,298
3810,237
3811,397
3812,513
3813,605
3814,681
3815,742
3816,580
3817,463
3818,370
3819,297
3820,236
3821,399
3822,514
3823,607
3824,682
3825,743
3826,578
3827,461
3828,370
3829,296
3830,250
3831,400
3832,516
3833,608
3834,683
3835,728
3836,575
3837,459
3838,368
3839,295
3840,253
3841,402
3842,517
3843,608
3844,684
3845,724
3846,574
3847,458
3848,367
3849,293
3850,255
3851,404
3852,517
3853,611
3854,686
3855,724
3856,571
3857,457
3858,365
3859,293
3860,258
3861,406
3862,521
3863,612
3864,687
3865,721
3866,570
3867,455
3868,365
3869,292
3870,260
3871,409
3872,522
3873,613
3874,687
3875,716
3876,567
3877,453
3878,362
3879,290
3880,263
3881,409
3882,523
3883,615
3884,689
3885,712
3886,567
3887,452
3888,363
3889,290
3890,266
3891,413
3892,526
3893,616
3894,690
3895,711
3896,563
3897,450
3898,360
3899,290
3900,271
3901,415
3902,526
3903,616
3904,691
3905,708
3906,561
3907,448
3908,359
3909,288
3910,272
3911,417
3912,528
3913,619
3914,692
3915,706
3916,560
3917,448
3918,358
3919,286
3920,275
3921,419
3922,530
3923,619
3924,692
3925,703
3926,559
3927,446
3928,356
3929,286
3930,279
3931,421
3932,531
3933,621
3934,693
3935,700
3936,556
3937,444
3938,356
3939,285
3940,282
3941,422
3942,534
3943,623
3944,694
3945,698
3946,554
3947,442
3948,354
3949,283
3950,284
3951,425
3952,534
3953,623
3954,696
3955,695
3956,551
3957,440
3958,353
3959,283
3960,285
3961,426
3962,536
3963,624
3964,696
3965,693
3966,549
3967,439
3968,352
3969,282
3970,290
3971,429
3972,538
3973,626
3974,697
3975,689
3976,548
3977,437
3978,350
3979,281
3980,291
3981,431
3982,540
3983,628
3984,699
3985,687
3986,545
3987,437
3988,348
3989,280
3990,294
3991,433
3992,542
3993,629
3994,700
3995,684
3996,544
3997,435
3998,347
3999,279
4000,295
4001,434
4002,541
4003,629
4004,701
4005,682
4006,541
4007,433
4008,346
4009,278
4010,298
4011,435
4012,543
4013,630
4014,701
4015,677
4016,539
4017,432
4018,345
4019,277
4020,301
4021,437
4022,546
4023,632
4024,703
4025,676
4026,538
4027,430
4028,344
4029,275
4030,304
4031,440
4032,548
4033,633
4034,704
4035,673
4036,535
4037,429
4038,343
4039,274
4040,305
4041,442
4042,548
4043,634
4044,704
4045,671
4046,534
4047,427
4048,341
4049,274
4050,309
4051,444
4052,551
4053,636
4054,706
4055,667
4056,533
4057,425
4058,340
4059,273
4060,311
4061,446
4062,552
4063,637
4064,707
4065,665
4066,530
4067,424
4068,338
4069,272
4070,314
4071,448
4072,554
4073,639
4074,708
4075,665
4076,528
4077,422
4078,338
4079,271
4080,316
4081,448
4082,555
4083,640
4084,708
4085,661
4086,527
4087,422
4088,337
4089,270
4090,319
4091,451
4092,557
4093,641
4094,710
4095,660
4096,524
4097,418
4098,335
4099,269
4100,322
4101,454
4102,558
4103,641
4104,711
4105,657
4106,522
4107,418
4108,335
4109,268
4110,323
4111,455
4112,560
4113,643
4114,713
4115,655
4116,522
4117,418
4118,334
4119,269
4120,325
4121,458
4122,561
4123,644
4124,714
4125,652
4126,519
4127,415
4128,333
4129,267
4130,327
4131,457
4132,562
4133,646
4134,714
4135,649
4136,516
4137,412
4138,330
4139,265
4140,331
4141,459
4142,563
4143,646
4144,714
4145,647
4146,516
4147,413
4148,331
4149,265
4150,333
4151,463
4152,565
4153,648
4154,717
4155,645
4156,513
4157,411
4158,329
4159,264
4160,334
4161,464
4162,566
4163,649
4164,716
4165,643
4166,511
4167,410
4168,328
4169,262
4170,336
4171,467
4172,568
4173,651
4174,718
4175,640
4176,510
4177,408
4178,327
4179,261
4180,339
4181,468
4182,570
4183,652
4184,719
4185,636
4186,508
4187,406
4188,325
4189,261
4190,342
4191,469
4192,571
4193,653
4194,719
4195,635
4196,507
4197,405
4198,324
4199,260
4200,344
4201,471
4202,572
4203,654
4204,720
4205,632
4206,504
4207,402
4208,322
4209,259
4210,346
4211,473
4212,574
4213,656
4214,722
4215,631
4216,503
4217,402
4218,322
4219,258
4220,348
4221,476
4222,575
4223,656
4224,722
4225,631
4226,503
4227,402
4228,322
4229,259
4230,350
4231,477
4232,576
4233,656
4234,723
4235,626
4236,499
4237,398
4238,319
4239,255
4240,353
4241,478
4242,578
4243,658
4244,724
4245,624
4246,497
4247,398
4248,319
4249,256
4250,355
4251,480
4252,579
4253,661
4254,726
4255,622
4256,495
4257,397
4258,317
4259,255
4260,357
4261,482
4262,581
4263,661
4264,727
4265,618
4266,493
4267,394
4268,317
4269,253
4270,362
4271,485
4272,582
4273,663
4274,728
4275,617
4276,492
4277,392
4278,315
4279,252
4280,361
4281,486
4282,584
4283,663
4284,729
4285,614
4286,489
4287,392
4288,314
4289,252
4290,365
4291,487
4292,584
4293,665
4294,730
4295,612
4296,488
4297,391
4298,313
4299,250
4300,366
4301,488
4302,587
4303,666
4304,731
4305,610
4306,486
4307,389
4308,311
4309,250
4310,370
4311,490
4312,588
4313,666
4314,730
4315,607
4316,485
4317,388
4318,311
4319,248
4320,370
4321,493
4322,589
4323,667
4324,732
4325,606
4326,482
4327,386
4328,310
4329,248
4330,372
4331,495
4332,591
4333,669
4334,733
4335,604
4336,481
4337,385
4338,309
4339,248
4340,376
4341,496
4342,592
4343,670
4344,734
4345,602
4346,480
4347,383
4348,307
4349,247
4350,378
4351,498
4352,592
4353,672
4354,735
4355,598
4356,478
4357,381
4358,307
4359,246
4360,379
4361,499
4362,594
4363,673
4364,736
4365,597
4366,476
4367,381
4368,306
4369,246
4370,382
4371,502
4372,597
4373,674
4374,737
4375,594
4376,475
4377,379
4378,304
4379,244
4380,383
4381,503
4382,598
4383,675
4384,738
4385,593
4386,473
4387,378
4388,302
4389,244
4390,386
4391,504
4392,599
4393,676
4394,739
4395,591
4396,472
4397,378
4398,303
4399,243
4400,388
4401,507
4402,600
4403,677
4404,740
4405,587
4406,469
4407,375
4408,301
4409,240
4410,392
4411,509
4412,602
4413,678
4414,740
4415,585
4416,467
4417,374
4418,299
4419,240
4420,393
4421,510
4422,604
4423,679
4424,740
4425,583
4426,466
4427,372
4428,299
4429,238
4430,396
4431,512
4432,604
4433,680
4434,742
4435,580
4436,465
4437,371
4438,298
4439,236
4440,396
4441,511
4442,604
4443,682
4444,742
4445,578
4446,462
4447,370
4448,296
4449,236
4450,399
4451,515
4452,607
4453,682
4454,730
4455,577
4456,461
4457,369
4458,295
4459,252
4460,402
4461,516
4462,609
4463,684
4464,725
4465,575
4466,459
4467,369
4468,295
4469,253
4470,403
4471,519
4472,610
4473,685
4474,725
4475,573
4476,458
4477,366
4478,294
4479,256
4480,404
4481,519
4482,611
4483,685
4484,720
4485,571
4486,456
4487,365
4488,293
4489,260
4490,408
4491,521
4492,613
4493,687
4494,719
4495,568
4496,455
4497,364
4498,292
4499,263
4500,409
4501,523
4502,614
4503,688
4504,716
4505,567
4506,453
4507,363
4508,291
4509,265
4510,412
4511,525
4512,615
4513,689
4514,714
4515,565
4516,452
4517,361
4518,288
4519,268
4520,412
4521,525
4522,616
4523,691
4524,710
4525,564
4526,449
4527,361
4528,289
4529,271
4530,416
4531,527
4532,618
4533,691
4534,708
4535,561
4536,448
4537,359
4538,288
4539,274
4540,418
4541,529
4542,618
4543,692
4544,705
4545,559
4546,446
4547,357
4548,287
4549,276
4550,419
4551,531
4552,621
4553,693
4554,702
4555,556
4556,445
4557,357
4558,286
4559,278
4560,421
4561,532
4562,621
4563,693
4564,699
4565,554
4566,444
4567,355
4568,285
4569,284
4570,423
4571,534
4572,623
4573,696
4574,696
4575,553
4576,442
4577,353
4578,283
4579,283
4580,425
4581,535
4582,625
4583,696
4584,693
4585,551
4586,440
4587,352
4588,282
4589,287
4590,428
4591,538
4592,625
4593,697
4594,691
4595,548
4596,439
4597,351
4598,282
4599,289
4600,430
4601,538
4602,626
4603,698
4604,688
4605,545
4606,437
4607,349
4608,281
4609,293
4610,431
4611,540
4612,628
4613,700
4614,686
4615,544
4616,435
4617,349
4618,280
4619,296
4620,434
4621,541
4622,628
4623,700
4624,683
4625,542
4626,433
4627,347
4628,278
4629,297
4630,436
4631,543
4632,631
4633,702
4634,681
4635,541
4636,432
4637,346
4638,277
4639,299
4640,437
4641,546
4642,631
4643,703
4644,678
4645,539
4646,431
4647,344
4648,277
4649,303
4650,439
4651,548
4652,633
4653,702
4654,675
4655,538
4656,431
4657,344
4658,276
4659,305
4660,442
4661,548
4662,634
4663,705
4664,673
4665,534
4666,428
4667,343
4668,275
4669,307
4670,443
4671,550
4672,636
4673,706
4674,670
4675,532
4676,427
4677,341
4678,273
4679,309
4680,444
4681,551
4682,637
4683,707
4684,668
4685,531
4686,425
4687,340
4688,272
4689,313
4690,446
4691,552
4692,638
4693,708
4694,664
4695,530
4696,424
4697,339
4698,272
4699,316
4700,448
4701,554
4702,640
4703,707
4704,663
4705,527
4706,422
4707,337
4708,270
4709,317
4710,450
4711,555
4712,640
4713,709
4714,661
4715,526
4716,420
4717,336
4718,269
4719,319
4720,452
4721,557
4722,641
4723,711
4724,658
4725,524
4726,418
4727,336
4728,268
4729,322
4730,454
4731,559
4732,643
4733,711
4734,655
4735,522
4736,417
4737,334
4738,267
4739,326
4740,456
4741,560
4742,644
4743,712
4744,653
4745,521
4746,416
4747,333
4748,266
4749,325
4750,457
4751,561
4752,645
4753,713
4754,650
4755,518
4756,414
4757,332
4758,267
4759,329
4760,459
4761,562
4762,646
4763,714
4764,648
4765,516
4766,413
4767,331
4768,266
4769,332
4770,462
4771,564
4772,647
4773,715
4774,646
4775,514
4776,411
4777,329
4778,264
4779,337
4780,464
4781,565
4782,648
4783,715
4784,642
4785,513
4786,409
4787,328
4788,263
4789,337
4790,466
4791,568
4792,651
4793,718
4794,639
4795,510
4796,408
4797,327
4798,262
4799,338
4800,467
4801,569
4802,651
4803,718
4804,639
4805,508
4806,406
4807,326
4808,261
4809,340
4810,469
4811,570
4812,653
4813,720
4814,636
4815,507
4816,406
4817,325
4818,260
4819,343
4820,470
4821,572
4822,654
4823,720
4824,633
4825,506
4826,404
4827,323
4828,259
4829,346
4830,473
4831,573
4832,655
4833,721
4834,631
4835,503
4836,402
4837,323
4838,259
4839,347
4840,474
4841,575
4842,656
4843,722
4844,629
4845,501
4846,402
4847,322
4848,258
4849,350
4850,477
4851,577
4852,656
4853,724
4854,626
4855,499
4856,400
4857,320
4858,256
4859,353
4860,477
4861,578
4862,658
4863,724
4864,623
4865,499
4866,399
4867,319
4868,256
4869,356
4870,480
4871,579
4872,659
4873,725
4874,624
4875,498
4876,398
4877,318
4878,256
4879,356
4880,481
4881,581
4882,661
4883,725
4884,619
4885,495
4886,395
4887,317
4888,254
4889,359
4890,483
4891,581
4892,661
4893,727
4894,618
4895,493
4896,395
4897,315
4898,254
4899,361
4900,485
4901,584
4902,663
4903,728
4904,615
4905,491
4906,392
4907,314
4908,252
4909,364
4910,487
4911,584
4912,664
4913,728
4914,614
4915,489
4916,391
4917,312
4918,251
4919,365
4920,487
4921,585
4922,665
4923,730
4924,611
4925,487
4926,390
4927,313
4928,251
4929,368
4930,490
4931,588
4932,667
4933,731
4934,610
4935,485
4936,388
4937,311
4938,250
4939,370
4940,491
4941,589
4942,667
4943,731
4944,607
4945,484
4946,388
4947,310
4948,250
4949,372
4950,492
4951,589
4952,669
4953,733
4954,603
4955,482
4956,386
4957,309
4958,248
4959,373
4960,494
4961,591
4962,670
4963,733
4964,601
4965,481
4966,384
4967,308
4968,248
4969,377
4970,497
4971,592
4972,671
4973,734
4974,600
4975,477
4976,383
4977,306
4978,246
4979,379
4980,499
4981,593
4982,672
4983,735
4984,598
4985,477
4986,382
4987,306
4988,244
4989,381
4990,500
4991,596
4992,673
4993,736
4994,595
4995,477
4996,381
4997,306
4998,244
4999,382
5000,502
5001,597
5002,674
5003,736
5004,594
5005,473
5006,379
5007,303
5008,244
5009,384
5010,503
5011,598
5012,674
5013,738
5014,591
5015,472
5016,378
5017,303
5018,243
5019,389
5020,506
5021,600
5022,677
5023,738
5024,588
5025,470
5026,377
5027,302
5028,240
5029,390
5030,508
5031,601
5032,678
5033,740
5034,587
5035,469
5036,375
5037,301
5038,240
5039,390
5040,508
5041,603
5042,679
5043,741
5044,583
5045,466
5046,373
5047,299
5048,237
5049,394
5050,511
5051,603
5052,679
5053,741
5054,582
5055,464
5056,372
5057,298
5058,238
5059,398
5060,513
5061,605
5062,681
5063,742
5064,580
5065,462
5066,371
5067,296
5068,236
5069,399
5070,514
5071,607
5072,682
5073,742
5074,578
5075,462
5076,370
5077,297
5078,234
5079,399
5080,515
5081,607
5082,682
5083,726
5084,576
5085,460
5086,368
5087,295
5088,256
5089,403
5090,517
5091,610
5092,684
5093,727
5094,573
5095,458
5096,367
5097,295
5098,256
5099,405
5100,519
5101,611
5102,685
5103,723
5104,571
5105,457
5106,365
5107,294
5108,259
5109,406
5110,520
5111,611
5112,687
5113,720
5114,570
5115,456
5116,364
5117,292
5118,261
5119,409
5120,522
5121,614
5122,688
5123,716
5124,568
5125,454
5126,363
5127,291
5128,264
5129,410
5130,524
5131,615
5132,689
5133,714
5134,566
5135,453
5136,362
5137,291
5138,266
5139,412
5140,526
5141,616
5142,689
5143,712
5144,563
5145,450
5146,361
5147,289
5148,270
5149,415
5150,527
5151,618
5152,690
5153,708
5154,561
5155,449
5156,359
5157,288
5158,271
5159,417
5160,529
5161,618
5162,691
5163,704
5164,558
5165,448
5166,358
5167,287
5168,277
5169,418
5170,530
5171,619
5172,692
5173,703
5174,557
5175,445
5176,357
5177,286
5178,278
5179,420
5180,532
5181,620
5182,694
5183,700
5184,556
5185,444
5186,355
5187,285
5188,281
5189,423
5190,534
5191,622
5192,695
5193,697
5194,553
5195,443
5196,354
5197,284
5198,282
5199,424
5200,535
5201,623
5202,695
5203,695
5204,552
5205,441
5206,353
5207,283
5208,287
5209,426
5210,536
5211,624
5212,697
5213,693
5214,550
5215,440
5216,352
5217,282
5218,288
5219,429
5220,539
5221,626
5222,698
5223,690
5224,548
5225,438
5226,350
5227,282
5228,291
5229,431
5230,540
5231,627
5232,699
5233,686
5234,545
5235,435
5236,348
5237,279
5238,293
5239,432
5240,541
5241,629
5242,701
5243,684
5244,543
5245,433
5246,348
5247,279
5248,298
5249,434
5250,543
5251,630
5252,700
5253,681
5254,541
5255,433
5256,347
5257,277
5258,298
5259,435
5260,544
5261,631
5262,702
5263,678
5264,540
5265,431
5266,346
5267,277
5268,301
5269,438
5270,546
5271,632
5272,703
5273,677
5274,538
5275,429
5276,344
5277,276
5278,303
5279,440
5280,546
5281,632
5282,704
5283,674
5284,536
5285,429
5286,343
5287,274
5288,307
5289,442
5290,549
5291,636
5292,705
5293,671
5294,534
5295,427
5296,341
5297,274
5298,309
5299,443
5300,550
5301,635
5302,706
5303,668
5304,532
5305,425
5306,340
5307,273
5308,310
5309,446
5310,552
5311,637
5312,706
5313,667
5314,530
5315,425
5316,340
5317,272
5318,314
5319,447
5320,552
5321,638
5322,707
5323,664
5324,528
5325,423
5326,338
5327,272
5328,316
5329,449
5330,555
5331,640
5332,709
5333,661
5334,527
5335,421
5336,338
5337,271
5338,320
5339,451
5340,557
5341,641
5342,710
5343,658
5344,524
5345,420
5346,336
5347,269
5348,323
5349,453
5350,558
5351,641
5352,710
5353,656
5354,523
5355,418
5356,335
5357,268
5358,322
5359,455
5360,559
5361,642
5362,711
5363,655
5364,520
5365,417
5366,334
5367,267
5368,325
5369,458
5370,560
5371,645
5372,713
5373,652
5374,519
5375,415
5376,332
5377,267
5378,329
5379,458
5380,562
5381,645
5382,713
5383,649
5384,517
5385,414
5386,331
5387,265
5388,329
5389,460
5390,563
5391,646
5392,714
5393,646
5394,514
5395,411
5396,330
5397,264
5398,332
5399,461
5400,564
5401,647
5402,716
5403,643
5404,513
5405,411
5406,328
5407,264
5408,334
5409,464
5410,567
5411,650
5412,717
5413,642
5414,512
5415,410
5416,328
5417,263
5418,337
5419,465
5420,568
5421,650
5422,717
5423,639
5424,511
5425,407
5426,326
5427,261
5428,339
5429,468
5430,570
5431,651
5432,719
5433,636
5434,508
5435,407
5436,326
5437,261
5438,341
5439,469
5440,570
5441,652
5442,719
5443,635
5444,506
5445,404
5446,324
5447,260
5448,344
5449,472
5450,573
5451,653
5452,721
5453,632
5454,505
5455,402
5456,322
5457,259
5458,346
5459,474
5460,573
5461,656
5462,722
5463,628
5464,503
5465,403
5466,323
5467,259
5468,349
5469,476
5470,575
5471,657
5472,723
5473,630
5474,502
5475,401
5476,322
5477,257
5478,351
5479,477
5480,577
5481,658
5482,724
5483,626
5484,498
5485,399
5486,319
5487,256
5488,353
5489,478
5490,578
5491,658
5492,724
5493,623
5494,497
5495,398
5496,319
5497,256
5498,355
5499,480
5500,579
5501,660
5502,726
5503,621
5504,496
5505,396
5506,317
5507,256
5508,359
5509,483
5510,581
5511,661
5512,727
5513,619
5514,493
5515,395
5516,317
5517,254
5518,358
5519,484
5520,581
5521,663
5522,726
5523,616
5524,492
5525,392
5526,315
5527,253
5528,361
5529,485
5530,584
5531,664
5532,728
5533,615
5534,490
5535,392
5536,314
5537,252
5538,364
5539,488
5540,585
5541,664
5542,729
5543,613
5544,488
5545,391
5546,313
5547,252
5548,367
5549,489
5550,586
5551,666
5552,730
5553,608
5554,487
5555,389
5556,312
5557,249
5558,368
5559,490
5560,588
5561,666
5562,731
5563,608
5564,484
5565,388
5566,311
5567,250
5568,371
5569,493
5570,588
5571,667
5572,733
5573,606
5574,483
5575,386
5576,310
5577,248
5578,374
5579,495
5580,591
5581,669
5582,732
5583,603
5584,481
5585,385
5586,309
5587,247
5588,375
5589,496
5590,591
5591,669
5592,734
5593,601
5594,481
5595,383
5596,307
5597,247
5598,376
5599,498
5600,593
5601,671
5602,735
5603,599
5604,478
5605,382
5606,307
5607,246
5608,379
5609,499
5610,596
5611,672
5612,736
5613,597
5614,476
5615,382
5616,305
5617,244
5618,382
5619,502
5620,596
5621,674
5622,736
5623,595
5624,474
5625,379
5626,304
5627,244
5628,384
5629,503
5630,598
5631,675
5632,737
5633,591
5634,472
5635,379
5636,303
5637,243
5638,386
5639,504
5640,599
5641,675
5642,738
5643,589
5644,471
5645,377
5646,301
5647,242
5648,389
5649,507
5650,600
5651,677
5652,739
5653,587
5654,469
5655,376
5656,300
5657,240
5658,390
5659,508
5660,601
5661,678
5662,740
5663,585
5664,467
5665,374
5666,300
5667,240
5668,393
5669,510
5670,602
5671,679
5672,740
5673,582
5674,466
5675,373
5676,299
5677,240
5678,393
5679,511
5680,603
5681,680
5682,742
5683,581
5684,464
5685,371
5686,297
5687,237
5688,396
5689,512
5690,606
5691,681
5692,743
5693,579
5694,463
5695,371
5696,297
5697,236
5698,400
5699,515
5700,607
5701,683
5702,730
5703,577
5704,461
5705,369
5706,296
5707,252
5708,402
5709,516
5710,608
5711,683
5712,725
5713,574
5714,459
5715,368
5716,294
5717,256
5718,402
5719,517
5720,608
5721,684
5722,722
5723,573
5724,456
5725,366
5726,293
5727,256
5728,406
5729,519
5730,611
5731,686
5732,720
5733,571
5734,456
5735,365
5736,292
5737,260
5738,408
5739,521
5740,612
5741,687
5742,719
5743,568
5744,455
5745,363
5746,291
5747,263
5748,409
5749,522
5750,613
5751,688
5752,715
5753,567
5754,452
5755,363
5756,291
5757,264
5758,411
5759,523
5760,615
5761,688
5762,711
5763,565
5764,451
5765,361
5766,290
5767,268
5768,414
5769,526
5770,615
5771,690
5772,710
5773,562
5774,448
5775,360
5776,288
5777,272
5778,416
5779,528
5780,617
5781,691
5782,707
5783,561
5784,448
5785,359
5786,287
5787,274
5788,418
5789,530
5790,619
5791,692
5792,705
5793,559
5794,446
5795,358
5796,286
5797,276
5798,419
5799,530
5800,620
5801,693
5802,701
5803,558
5804,445
5805,356
5806,285
5807,280
5808,422
5809,532
5810,621
5811,695
5812,699
5813,554
5814,443
5815,355
5816,284
5817,282
5818,423
5819,534
5820,622
5821,695
5822,696
5823,553
5824,441
5825,353
5826,283
5827,285
5828,425
5829,535
5830,624
5831,696
5832,693
5833,551
5834,440
5835,353
5836,283
5837,286
5838,428
5839,537
5840,625
5841,697
5842,690
5843,549
5844,439
5845,351
5846,282
5847,290
5848,429
5849,538
5850,626
5851,698
5852,688
5853,547
5854,437
5855,350
5856,281
5857,292
5858,431
5859,541
5860,628
5861,700
5862,685
5863,544
5864,435
5865,348
5866,280
5867,295
5868,434
5869,541
5870,629
5871,701
5872,684
5873,542
5874,434
5875,347
5876,278
5877,297
5878,435
5879,543
5880,631
5881,701
5882,680
5883,541
5884,432
5885,345
5886,278
5887,300
5888,438
5889,545
5890,632
5891,701
5892,676
5893,539
5894,431
5895,345
5896,277
5897,303
5898,439
5899,546
5900,632
5901,703
5902,675
5903,537
5904,429
5905,343
5906,275
5907,305
5908,441
5909,548
5910,634
5911,704
5912,673
5913,535
5914,428
5915,342
5916,273
5917,306
5918,443
5919,549
5920,635
5921,705
5922,670
5923,533
5924,426
5925,341
5926,273
5927,309
5928,445
5929,551
5930,636
5931,706
5932,667
5933,531
5934,425
5935,341
5936,273
5937,313
5938,446
5939,553
5940,638
5941,708
5942,665
5943,529
5944,424
5945,339
5946,271
5947,315
5948,449
5949,554
5950,638
5951,708
5952,664
5953,527
5954,422
5955,338
5956,270
5957,317
5958,450
5959,554
5960,640
5961,709
5962,660
5963,525
5964,420
5965,337
5966,270
5967,320
5968,452
5969,556
5970,640
5971,710
5972,658
5973,523
5974,420
5975,336
5976,269
5977,323
5978,454
5979,558
5980,643
5981,711
5982,656
5983,522
5984,418
5985,335
5986,269
5987,324
5988,456
5989,560
5990,644
5991,711
5992,653
5993,520
5994,415
5995,333
5996,268
5997,326
5998,457
5999,561
6000,645
6001,713
6002,652
6003,519
6004,415
6005,331
6006,266
6007,329
6008,460
6009,563
6010,647
6011,715
6012,649
6013,517
6014,413
6015,331
6016,266
6017,333
6018,462
6019,565
6020,647
6021,715
6022,646
6023,515
6024,412
6025,330
6026,264
6027,334
6028,464
6029,566
6030,648
6031,716
6032,644
6033,512
6034,411
6035,329
6036,264
6037,335
6038,465
6039,567
6040,650
6041,717
6042,640
6043,510
6044,408
6045,327
6046,262
6047,339
6048,467
6049,568
6050,651
6051,718
6052,639
6053,509
6054,406
6055,326
6056,262
6057,340
6058,469
6059,569
6060,652
6061,719
6062,635
6063,508
6064,407
6065,325
6066,260
6067,343
6068,471
6069,572
6070,653
6071,721
6072,635
6073,506
6074,404
6075,323
6076,261
6077,345
6078,472
6079,573
6080,655
6081,721
6082,632
6083,503
6084,403
6085,323
6086,259
6087,348
6088,474
6089,575
6090,656
6091,723
6092,629
6093,502
6094,401
6095,321
6096,258
6097,350
6098,475
6099,576
6100,657
6101,723
6102,625
6103,501
6104,400
6105,320
6106,257
6107,354
6108,478
6109,578
6110,659
6111,724
6112,624
6113,498
6114,398
6115,319
6116,256
6117,353
6118,480
6119,578
6120,659
6121,725
6122,623
6123,496
6124,396
6125,318
6126,256
6127,358
6128,481
6129,580
6130,661
6131,726
6132,619
6133,494
6134,396
6135,317
6136,254
6137,360
6138,483
6139,582
6140,662
6141,728
6142,617
6143,492
6144,395
6145,316
6146,252
6147,363
6148,485
6149,583
6150,662
6151,728
6152,616
6153,491
6154,393
6155,314
6156,252
6157,363
6158,485
6159,584
6160,664
6161,729
6162,612
6163,489
6164,391
6165,313
6166,251
6167,366
6168,488
6169,586
6170,665
6171,729
6172,611
6173,488
6174,390
6175,312
6176,250
6177,368
6178,490
6179,588
6180,666
6181,730
6182,609
6183,486
6184,389
6185,312
6186,249
6187,372
6188,492
6189,589
6190,667
6191,732
6192,606
6193,484
6194,387
6195,310
6196,249
6197,371
6198,492
6199,590
6200,668
6201,732
6202,603
6203,482
6204,385
6205,309
6206,249
6207,374
6208,496
6209,592
6210,670
6211,734
6212,602
6213,479
6214,384
6215,308
6216,247
6217,377
6218,497
6219,592
6220,671
6221,734
6222,600
6223,479
6224,383
6225,307
6226,246
6227,379
6228,499
6229,594
6230,672
6231,734
6232,597
6233,478
6234,382
6235,306
6236,245
6237,380
6238,499
6239,595
6240,673
6241,736
6242,596
6243,475
6244,380
6245,304
6246,245
6247,383
6248,502
6249,597
6250,674
6251,737
6252,594
6253,473
6254,380
6255,304
6256,244
6257,385
6258,504
6259,599
6260,676
6261,738
6262,591
6263,472
6264,378
6265,303
6266,243
6267,389
6268,505
6269,599
6270,677
6271,739
6272,589
6273,470
6274,377
6275,302
6276,242
6277,388
6278,507
6279,601
6280,678
6281,739
6282,586
6283,468
6284,374
6285,301
6286,240
6287,392
6288,509
6289,603
6290,679
6291,740
6292,585
6293,467
6294,373
6295,299
6296,237
6297,394
6298,511
6299,603
6300,679
6301,742
6302,582
6303,465
6304,373
6305,298
6306,237
6307,397
6308,512
6309,605
6310,680
6311,742
6312,580
6313,463
6314,371
6315,299
6316,238
6317,397
6318,513
6319,605
6320,681
6321,742
6322,577
6323,461
6324,370
6325,296
6326,251
6327,400
6328,516
6329,608
6330,683
6331,728
6332,576
6333,461
6334,368
6335,296
6336,255
6337,403
6338,518
6339,609
6340,683
6341,726
6342,573
6343,459
6344,368
6345,293
6346,254
6347,405
6348,519
6349,611
6350,685
6351,723
6352,572
6353,457
6354,367
6355,293
6356,258
6357,405
6358,520
6359,610
6360,686
6361,719
6362,571
6363,455
6364,365
6365,292
6366,261
6367,409
6368,522
6369,613
6370,687
6371,718
6372,568
6373,454
6374,364
6375,291
6376,264
6377,411
6378,524
6379,615
6380,687
6381,714
6382,565
6383,452
6384,362
6385,289
6386,266
6387,413
6388,526
6389,615
6390,690
6391,712
6392,564
6393,450
6394,361
6395,289
6396,269
6397,415
6398,526
6399,616
6400,690
6401,706
6402,562
6403,449
6404,359
6405,287
6406,273
6407,416
6408,529
6409,619
6410,690
6411,706
6412,560
6413,447
6414,357
6415,287
6416,275
6417,419
6418,531
6419,619
6420,693
6421,703
6422,557
6423,446
6424,357
6425,285
6426,279
6427,421
6428,532
6429,621
6430,694
6431,700
6432,556
6433,444
6434,356
6435,285
6436,280
6437,423
6438,533
6439,622
6440,695
6441,697
6442,553
6443,441
6444,353
6445,284
6446,284
6447,424
6448,535
6449,623
6450,696
6451,695
6452,551
6453,441
6454,353
6455,283
6456,286
6457,427
6458,537
6459,625
6460,698
6461,692
6462,550
6463,440
6464,353
6465,282
6466,289
6467,428
6468,538
6469,625
6470,698
6471,689
6472,547
6473,438
6474,351
6475,281
6476,290
6477,430
6478,539
6479,627
6480,698
6481,687
6482,546
6483,436
6484,349
6485,279
6486,295
6487,432
6488,541
6489,628
6490,700
6491,683
6492,543
6493,434
6494,348
6495,278
6496,296
6497,433
6498,542
6499,630
6500,701
6501,682
6502,541
6503,433
6504,347
6505,278
6506,299
6507,436
6508,544
6509,631
6510,702
6511,679
6512,539
6513,432
6514,345
6515,277
6516,300
6517,438
6518,545
6519,632
6520,703
6521,677
6522,538
6523,430
6524,344
6525,276
6526,304
6527,441
6528,547
6529,632
6530,704
6531,672
6532,536
6533,429
6534,344
6535,275
6536,307
6537,442
6538,549
6539,635
6540,705
6541,672
6542,534
6543,427
6544,342
6545,274
6546,308
6547,444
6548,551
6549,636
6550,706
6551,669
6552,532
6553,426
6554,341
6555,273
6556,311
6557,445
6558,552
6559,637
6560,708
6561,667
6562,529
6563,424
6564,339
6565,272
6566,313
6567,448
6568,553
6569,638
6570,708
6571,662
6572,528
6573,422
6574,338
6575,272
6576,317
6577,449
6578,555
6579,639
6580,709
6581,662
6582,526
6583,421
6584,338
6585,271
6586,319
6587,452
6588,556
6589,641
6590,710
6591,660
6592,525
6593,420
6594,336
6595,270
6596,320
6597,453
6598,557
6599,642
6600,711
6601,656
6602,523
6603,416
6604,335
6605,268
6606,322
6607,455
6608,559
6609,644
6610,711
6611,655
6612,521
6613,417
6614,334
6615,267
6616,326
6617,457
6618,561
6619,645
6620,712
6621,654
6622,520
6623,415
6624,333
6625,267
6626,329
6627,459
6628,563
6629,647
6630,714
6631,650
6632,517
6633,415
6634,331
6635,266
6636,330
6637,461
6638,563
6639,647
6640,715
6641,647
6642,515
6643,412
6644,330
6645,265
6646,332
6647,463
6648,566
6649,648
6650,716
6651,645
6652,513
6653,411
6654,329
6655,264
6656,338
6657,465
6658,567
6659,649
6660,718
6661,640
6662,512
6663,410
6664,327
6665,262
6666,337
6667,466
6668,568
6669,651
6670,718
6671,639
6672,509
6673,408
6674,326
6675,261
6676,338
6677,467
6678,569
6679,652
6680,718
6681,637
6682,508
6683,407
6684,326
6685,261
6686,342
6687,470
6688,571
6689,653
6690,720
6691,635
6692,506
6693,404
6694,323
6695,259
6696,344
6697,472
6698,573
6699,655
6700,721
6701,631
6702,505
6703,404
6704,324
6705,258
6706,347
6707,473
6708,574
6709,656
6710,722
6711,631
6712,503
6713,402
6714,322
6715,258
6716,348
6717,474
6718,575
6719,655
6720,722
6721,629
6722,501
6723,400
6724,321
6725,257
6726,350
6727,477
6728,576
6729,658
6730,723
6731,626
6732,499
6733,399
6734,319
6735,257
6736,352
6737,479
6738,577
6739,658
6740,724
6741,623
6742,497
6743,398
6744,319
6745,256
6746,357
6747,480
6748,579
6749,660
6750,726
6751,620
6752,495
6753,396
6754,317
6755,255
6756,358
6757,481
6758,580
6759,661
6760,726
6761,619
6762,493
6763,395
6764,316
6765,254
6766,360
6767,483
6768,583
6769,662
6770,727
6771,616
6772,492
6773,393
6774,314
6775,253
6776,363
6777,485
6778,584
6779,664
6780,728
6781,615
6782,490
6783,392
6784,315
6785,252
6786,366
6787,487
6788,586
6789,665
6790,729
6791,612
6792,488
6793,391
6794,312
6795,251
6796,366
6797,488
6798,587
6799,664
6800,729
6801,610
6802,486
6803,390
6804,312
6805,251
6806,369
6807,491
6808,588
6809,667
6810,730
6811,607
6812,484
6813,388
6814,310
6815,249
6816,372
6817,493
6818,589
6819,667
6820,732
6821,605
6822,483
6823,387
6824,309
6825,248
6826,373
6827,494
6828,590
6829,668
6830,733
6831,601
6832,482
6833,385
6834,309
6835,248
6836,375
6837,496
6838,591
6839,670
6840,734
6841,601
6842,480
6843,384
6844,308
6845,246
6846,378
6847,498
6848,594
6849,671
6850,734
6851,598
6852,478
6853,383
6854,307
6855,246
6856,380
6857,499
6858,594
6859,672
6860,735
6861,597
6862,476
6863,381
6864,305
6865,245
6866,381
6867,501
6868,596
6869,673
6870,736
6871,593
6872,475
6873,380
6874,305
6875,243
6876,384
6877,503
6878,597
6879,674
6880,737
6881,593
6882,473
6883,378
6884,303
6885,244
6886,386
6887,504
6888,599
6889,675
6890,739
6891,589
6892,471
6893,376
6894,302
6895,243
6896,389
6897,506
6898,601
6899,677
6900,739
6901,588
6902,469
6903,376
6904,301
6905,240
6906,392
6907,509
6908,602
6909,678
6910,739
6911,585
6912,468
6913,373
6914,300
6915,240
6916,393
6917,509
6918,603
6919,679
6920,740
6921,582
6922,466
6923,373
6924,299
6925,238
6926,395
6927,512
6928,605
6929,681
6930,742
6931,581
6932,464
6933,372
6934,298
6935,237
6936,397
6937,513
6938,606
6939,682
6940,742
6941,579
6942,462
6943,370
6944,297
6945,235
6946,400
6947,515
6948,607
6949,682
6950,730
6951,577
6952,461
6953,369
6954,296
6955,247
6956,400
6957,515
6958,608
6959,683
6960,726
6961,575
6962,460
6963,367
6964,294
6965,253
6966,404
6967,519
6968,609
6969,685
6970,724
6971,573
6972,458
6973,367
6974,294
6975,256
6976,406
6977,520
6978,610
6979,686
6980,722
6981,571
6982,456
6983,366
6984,292
6985,260
6986,408
6987,521
6988,613
6989,687
6990,718
6991,568
6992,454
6993,363
6994,291
6995,261
6996,409
6997,523
6998,612
6999,687
7000,714
7001,568
7002,454
7003,363
7004,290
7005,265
7006,412
7007,524
7008,615
7009,690
7010,713
7011,564
7012,451
7013,361
7014,289
7015,268
7016,414
7017,526
7018,615
7019,690
7020,710
7021,562
7022,450
7023,360
7024,289
7025,272
7026,416
7027,528
7028,618
7029,692
7030,708
7031,561
7032,448
7033,360
7034,288
7035,274
7036,418
7037,529
7038,619
7039,692
7040,701
7041,559
7042,447
7043,358
7044,286
7045,278
7046,419
7047,531
7048,620
7049,693
7050,701
7051,556
7052,444
7053,356
7054,286
7055,281
7056,422
7057,533
7058,622
7059,693
7060,700
7061,555
7062,444
7063,355
7064,285
7065,282
7066,424
7067,533
7068,623
7069,695
7070,696
7071,553
7072,441
7073,354
7074,284
7075,284
7076,425
7077,535
7078,624
7079,696
7080,694
7081,550
7082,439
7083,352
7084,282
7085,289
7086,427
7087,537
7088,625
7089,697
7090,690
7091,548
7092,439
7093,351
7094,282
7095,290
7096,430
7097,538
7098,627
7099,698
7100,687
7101,547
7102,437
7103,349
7104,281
7105,293
7106,432
7107,540
7108,628
7109,699
7110,686
7111,544
7112,435
7113,349
7114,278
7115,294
7116,432
7117,542
7118,629
7119,701
7120,682
7121,543
7122,434
7123,347
7124,278
7125,298
7126,434
7127,543
7128,630
7129,701
7130,680
7131,542
7132,431
7133,346
7134,277
7135,301
7136,438
7137,545
7138,632
7139,703
7140,677
7141,540
7142,430
7143,345
7144,276
7145,302
7146,439
7147,547
7148,633
7149,704
7150,675
7151,537
7152,429
7153,344
7154,276
7155,305
7156,440
7157,548
7158,635
7159,704
7160,673
7161,535
7162,427
7163,343
7164,274
7165,307
7166,443
7167,549
7168,635
7169,705
7170,669
7171,532
7172,427
7173,341
7174,274
7175,310
7176,445
7177,552
7178,637
7179,707
7180,668
7181,531
7182,425
7183,340
7184,273
7185,312
7186,447
7187,553
7188,638
7189,708
7190,666
7191,530
7192,423
7193,339
7194,271
7195,315
7196,449
7197,554
7198,639
7199,708
7200,663
7201,528
7202,422
7203,337
7204,270
7205,317
7206,451
7207,555
7208,639
7209,709
7210,660
7211,526
7212,421
7213,337
7214,270
7215,320
7216,453
7217,557
7218,641
7219,711
7220,657
7221,524
7222,419
7223,335
7224,269
7225,322
7226,455
7227,559
7228,643
7229,712
7230,656
7231,523
7232,417
7233,335
7234,268
7235,324
7236,456
7237,560
7238,644
7239,713
7240,653
7241,520
7242,416
7243,333
7244,266
7245,326
7246,458
7247,561
7248,646
7249,714
7250,653
7251,519
7252,415
7253,332
7254,267
7255,331
7256,459
7257,562
7258,646
7259,714
7260,649
7261,516
7262,413
7263,330
7264,265
7265,331
7266,461
7267,565
7268,647
7269,714
7270,644
7271,515
7272,412
7273,329
7274,264
7275,333
7276,463
7277,565
7278,649
7279,716
7280,643
7281,512
7282,410
7283,328
7284,264
7285,337
7286,465
7287,568
7288,650
7289,718
7290,642
7291,511
7292,409
7293,327
7294,263
7295,338
7296,466
7297,568
7298,652
7299,719
7300,637
7301,510
7302,408
7303,326
7304,261
7305,341
7306,469
7307,570
7308,652
7309,720
7310,637
7311,507
7312,405
7313,325
7314,260
7315,342
7316,469
7317,571
7318,652
7319,720
7320,633
7321,505
7322,405
7323,323
7324,260
7325,345
7326,473
7327,573
7328,655
7329,721
7330,632
7331,503
7332,403
7333,323
7334,258
7335,348
7336,474
7337,574
7338,656
7339,721
7340,628
7341,501
7342,401
7343,322
7344,257
7345,350
7346,477
7347,575
7348,657
7349,723
7350,628
7351,500
7352,400
7353,320
7354,257
7355,351
7356,478
7357,578
7358,658
7359,723
7360,625
7361,499
7362,398
7363,318
7364,256
7365,355
7366,480
7367,579
7368,660
7369,725
7370,623
7371,496
7372,398
7373,318
7374,256
7375,357
7376,481
7377,581
7378,661
7379,726
7380,619
7381,495
7382,397
7383,318
7384,255
7385,358
7386,482
7387,581
7388,662
7389,727
7390,617
7391,493
7392,394
7393,316
7394,253
7395,359
7396,483
7397,582
7398,663
7399,728
7400,615
7401,491
7402,393
7403,315
7404,253
7405,363
7406,486
7407,584
7408,665
7409,729
7410,614
7411,489
7412,392
7413,314
7414,253
7415,366
7416,488
7417,585
7418,665
7419,729
7420,611
7421,487
7422,390
7423,312
7424,251
7425,369
7426,490
7427,588
7428,666
7429,730
7430,608
7431,486
7432,389
7433,311
7434,250
7435,370
7436,492
7437,589
7438,668
7439,731
7440,606
7441,483
7442,387
7443,310
7444,249
7445,372
7446,494
7447,591
7448,669
7449,732
7450,605
7451,482
7452,386
7453,309
7454,248
7455,374
7456,496
7457,591
7458,669
7459,733
7460,602
7461,481
7462,384
7463,308
7464,248
7465,377
7466,497
7467,592
7468,671
7469,733
7470,599
7471,480
7472,384
7473,307
7474,246
7475,377
7476,499
7477,594
7478,672
7479,735
7480,598
7481,478
7482,381
7483,306
7484,246
7485,381
7486,501
7487,596
7488,673
7489,736
7490,596
7491,475
7492,381
7493,305
7494,244
7495,383
7496,502
7497,597
7498,674
7499,738
7500,594
7501,473
7502,380
7503,304
7504,244
7505,385
7506,504
7507,598
7508,676
7509,738
7510,591
7511,473
7512,378
7513,303
7514,243
7515,388
7516,505
7517,600
7518,676
7519,739
7520,588
7521,471
7522,375
7523,302
7524,242
7525,391
7526,507
7527,601
7528,677
7529,740
7530,587
7531,468
7532,376
7533,300
7534,240
7535,393
7536,509
7537,602
7538,679
7539,740
7540,583
7541,466
7542,374
7543,299
7544,237
7545,395
7546,510
7547,604
7548,679
7549,741
7550,582
7551,465
7552,372
7553,299
7554,237
7555,395
7556,511
7557,603
7558,680
7559,741
7560,579
7561,463
7562,371
7563,297
7564,237
7565,399
7566,514
7567,607
7568,682
7569,743
7570,578
7571,462
7572,370
7573,296
7574,252
7575,401
7576,515
7577,607
7578,682
7579,728
7580,576
7581,459
7582,368
7583,295
7584,255
7585,402
7586,518
7587,609
7588,684
7589,726
7590,574
7591,458
7592,367
7593,294
7594,253
7595,403
7596,518
7597,608
7598,685
7599,720
7600,573
7601,456
7602,367
7603,292
7604,259
7605,407
7606,520
7607,611
7608,686
7609,719
7610,570
7611,454
7612,365
7613,292
7614,261
7615,408
7616,522
7617,612
7618,687
7619,717
7620,568
7621,453
7622,364
7623,291
7624,265
7625,411
7626,524
7627,613
7628,689
7629,715
7630,566
7631,452
7632,362
7633,289
7634,266
7635,412
7636,524
7637,615
7638,689
7639,710
7640,564
7641,451
7642,361
7643,289
7644,269
7645,415
7646,527
7647,617
7648,690
7649,709
7650,561
7651,448
7652,359
7653,288
7654,273
7655,416
7656,528
7657,619
7658,692
7659,706
7660,561
7661,447
7662,358
7663,287
7664,275
7665,419
7666,531
7667,619
7668,692
7669,703
7670,558
7671,445
7672,357
7673,286
7674,278
7675,420
7676,531
7677,619
7678,693
7679,700
7680,555
7681,443
7682,355
7683,285
7684,282
7685,423
7686,533
7687,622
7688,695
7689,697
7690,554
7691,442
7692,355
7693,283
7694,282
7695,426
7696,536
7697,624
7698,696
7699,695
7700,552
7701,442
7702,353
7703,283
7704,286
7705,427
7706,536
7707,624
7708,696
7709,692
7710,550
7711,440
7712,352
7713,281
7714,289
7715,428
7716,538
7717,626
7718,698
7719,689
7720,547
7721,438
7722,350
7723,280
7724,291
7725,431
7726,540
7727,627
7728,698
7729,687
7730,546
7731,436
7732,349
7733,279
7734,294
7735,433
7736,541
7737,628
7738,700
7739,684
7740,544
7741,435
7742,348
7743,278
7744,296
7745,435
7746,542
7747,629
7748,701
7749,682
7750,541
7751,434
7752,347
7753,279
7754,298
7755,436
7756,543
7757,630
7758,702
7759,679
7760,539
7761,432
7762,346
7763,277
7764,302
7765,438
7766,545
7767,631
7768,702
7769,675
7770,539
7771,430
7772,345
7773,276
7774,304
7775,441
7776,547
7777,634
7778,704
7779,674
7780,537
7781,429
7782,343
7783,275
7784,307
7785,442
7786,549
7787,635
7788,705
7789,672
7790,535
7791,426
7792,342
7793,274
7794,307
7795,444
7796,550
7797,636
7798,706
7799,669
7800,532
7801,425
7802,340
7803,272
7804,311
7805,445
7806,551
7807,637
7808,707
7809,665
7810,529
7811,424
7812,340
7813,272
7814,315
7815,448
7816,554
7817,639
7818,708
7819,664
7820,528
7821,422
7822,338
7823,271
7824,316
7825,450
7826,555
7827,640
7828,709
7829,661
7830,526
7831,421
7832,337
7833,271
7834,318
7835,450
7836,555
7837,640
7838,710
7839,659
7840,524
7841,420
7842,335
7843,269
7844,321
7845,453
7846,558
7847,642
7848,711
7849,657
7850,523
7851,419
7852,335
7853,270
7854,324
7855,454
7856,559
7857,644
7858,712
7859,654
7860,521
7861,417
7862,334
7863,267
7864,326
7865,456
7866,561
7867,644
7868,712
7869,653
7870,519
7871,416
7872,333
7873,267
7874,328
7875,459
7876,561
7877,646
7878,714
7879,649
7880,517
7881,413
7882,331
7883,266
7884,330
7885,461
7886,562
7887,647
7888,715
7889,646
7890,515
7891,412
7892,330
7893,265
7894,334
7895,461
7896,564
7897,647
7898,715
7899,643
7900,513
7901,411
7902,329
7903,264
7904,335
7905,465
7906,567
7907,649
7908,717
7909,641
7910,512
7911,409
7912,326
7913,263
7914,337
7915,466
7916,568
7917,650
7918,718
7919,639
7920,510
7921,408
7922,327
7923,262
7924,340
7925,468
7926,570
7927,652
7928,719
7929,638
7930,507
7931,407
7932,325
7933,260
7934,342
7935,469
7936,572
7937,653
7938,719
7939,635
7940,507
7941,406
7942,324
7943,259
7944,344
7945,472
7946,572
7947,654
7948,721
7949,632
7950,506
7951,403
7952,323
7953,259
7954,346
7955,472
7956,574
7957,655
7958,722
7959,631
7960,501
7961,401
7962,322
7963,258
7964,348
7965,475
7966,575
7967,656
7968,723
7969,629
7970,501
7971,400
7972,321
7973,257
7974,350
7975,477
7976,577
7977,658
7978,724
7979,624
7980,500
7981,400
7982,319
7983,257
7984,354
7985,479
7986,579
7987,659
7988,724
7989,623
7990,498
7991,398
7992,319
7993,255
7994,356
7995,479
7996,578
7997,659
7998,726
7999,619
8000,495
8001,396
8002,318
8003,255
8004,358
8005,482
8006,582
8007,661
8008,727
8009,619
8010,493
8011,395
8012,316
8013,254
8014,360
8015,484
8016,582
8017,662
8018,727
8019,617
8020,492
8021,393
8022,315
8023,252
8024,363
8025,487
8026,584
8027,664
8028,727
8029,615
8030,490
8031,392
8032,314
8033,253
8034,364
8035,487
8036,585
8037,664
8038,729
8039,612
8040,488
8041,391
8042,313
8043,251
8044,367
8045,489
8046,587
8047,665
8048,730
8049,610
8050,486
8051,389
8052,311
8053,250
8054,368
8055,491
8056,588
8057,668
8058,731
8059,608
8060,484
8061,389
8062,310
8063,249
8064,374
8065,493
8066,589
8067,668
8068,732
8069,605
8070,483
8071,387
8072,310
8073,249
8074,373
8075,493
8076,591
8077,669
8078,733
8079,601
8080,482
8081,385
8082,309
8083,247
8084,375
8085,496
8086,592
8087,669
8088,734
8089,601
8090,479
8091,384
8092,308
8093,246
8094,377
8095,497
8096,593
8097,671
8098,734
8099,599
8100,478
8101,382
8102,307
8103,246
8104,380
8105,499
8106,595
8107,672
8108,736
8109,596
8110,477
8111,380
8112,306
8113,245
8114,380
8115,501
8116,596
8117,674
8118,737
8119,594
8120,475
8121,379
8122,304
8123,245
8124,384
8125,503
8126,597
8127,675
8128,738
8129,593
8130,473
8131,378
8132,303
8133,244
8134,386
8135,504
8136,600
8137,676
8138,738
8139,589
8140,470
8141,376
8142,301
8143,242
8144,389
8145,506
8146,601
8147,676
8148,740
8149,588
8150,471
8151,377
8152,302
8153,242
8154,390
8155,508
8156,601
8157,677
8158,739
8159,585
8160,467
8161,374
8162,301
8163,240
8164,393
8165,510
8166,603
8167,679
8168,741
8169,583
8170,466
8171,373
8172,299
8173,238
8174,396
8175,511
8176,605
8177,681
8178,742
8179,581
8180,464
8181,372
8182,297
8183,237
8184,398
8185,513
8186,605
8187,681
8188,743
8189,579
8190,463
8191,371
8192,297
8193,236
8194,400
8195,514
8196,607
8197,683
8198,730
8199,577
8200,460
8201,369
8202,295
8203,251
8204,401
8205,516
8206,608
8207,684
8208,726
8209,575
8210,458
8211,368
8212,295
8213,253
8214,404
8215,518
8216,609
8217,684
8218,724
8219,572
8220,458
8221,367
8222,293
8223,257
8224,406
8225,520
8226,611
8227,686
8228,722
8229,570
8230,456
8231,364
8232,293
8233,260
8234,408
8235,522
8236,612
8237,686
8238,718
8239,569
8240,455
8241,364
8242,292
8243,263
8244,409
8245,523
8246,613
8247,688
8248,716
8249,566
8250,453
8251,363
8252,291
8253,266
8254,412
8255,524
8256,615
8257,689
8258,712
8259,564
8260,451
8261,361
8262,289
8263,268
8264,414
8265,525
8266,616
8267,690
8268,710
8269,562
8270,450
8271,360
8272,289
8273,271
8274,416
8275,528
8276,618
8277,691
8278,706
8279,561
8280,448
8281,358
8282,288
8283,275
8284,417
8285,529
8286,619
8287,692
8288,705
8289,559
8290,447
8291,357
8292,287
8293,275
8294,419
8295,531
8296,620
8297,693
8298,702
8299,557
8300,445
8301,356
8302,286
8303,280
8304,422
8305,532
8306,622
8307,694
8308,698
8309,555
8310,443
8311,355
8312,285
8313,281
8314,423
8315,534
8316,623
8317,695
8318,695
8319,552
8320,441
8321,353
8322,283
8323,286
8324,426
8325,536
8326,625
8327,697
8328,694
8329,551
8330,441
8331,352
8332,282
8333,287
8334,428
8335,538
8336,625
8337,697
8338,691
8339,548
8340,438
8341,351
8342,282
8343,290
8344,430
8345,539
8346,627
8347,698
8348,688
8349,546
8350,437
8351,349
8352,281
8353,292
8354,431
8355,540
8356,628
8357,699
8358,685
8359,544
8360,435
8361,349
8362,280
8363,297
8364,434
8365,543
8366,629
8367,700
8368,682
8369,543
8370,434
8371,349
8372,279
8373,298
8374,436
8375,543
8376,630
8377,700
8378,680
8379,541
8380,431
8381,345
8382,277
8383,299
8384,436
8385,545
8386,632
8387,702
8388,678
8389,539
8390,431
8391,346
8392,277
8393,302
8394,438
8395,546
8396,633
8397,703
8398,675
8399,537
8400,430
8401,343
8402,276
8403,305
8404,441
8405,549
8406,634
8407,705
8408,672
8409,535
8410,427
8411,342
8412,274
8413,308
8414,442
8415,550
8416,635
8417,706
8418,671
8419,533
8420,425
8421,342
8422,274
8423,310
8424,445
8425,551
8426,637
8427,707
8428,668
8429,532
8430,425
8431,340
8432,273
8433,313
8434,447
8435,551
8436,638
8437,708
8438,665
8439,529
8440,424
8441,338
8442,272
8443,315
8444,449
8445,554
8446,639
8447,708
8448,659
8449,527
8450,422
8451,338
8452,272
8453,319
8454,450
8455,556
8456,640
8457,710
8458,660
8459,526
8460,421
8461,337
8462,270
8463,320
8464,452
8465,557
8466,642
8467,710
8468,658
8469,524
8470,418
8471,336
8472,268
8473,322
8474,454
8475,559
8476,642
8477,711
8478,654
8479,521
8480,417
8481,334
8482,268
8483,324
8484,456
8485,560
8486,643
8487,712
8488,654
8489,519
8490,415
8491,332
8492,267
8493,328
8494,458
8495,561
8496,645
8497,713
8498,650
8499,518
8500,415
8501,331
8502,266
8503,330
8504,460
8505,563
8506,646
8507,714
8508,649
8509,516
8510,412
8511,331
8512,265
8513,331
8514,462
8515,564
8516,648
8517,715
8518,644
8519,515
8520,411
8521,329
8522,265
8523,334
8524,462
8525,566
8526,649
8527,716
8528,643
8529,512
8530,410
8531,329
8532,263
8533,337
8534,465
8535,567
8536,650
8537,717
8538,640
8539,510
8540,408
8541,327
8542,263
8543,339
8544,467
8545,569
8546,651
8547,719
8548,638
8549,509
8550,407
8551,325
8552,262
8553,341
8554,469
8555,570
8556,652
8557,719
8558,636
8559,507
8560,405
8561,325
8562,260
8563,343
8564,471
8565,571
8566,654
8567,720
8568,634
8569,505
8570,403
8571,323
8572,260
8573,345
8574,472
8575,574
8576,655
8577,721
8578,631
8579,504
8580,403
8581,323
8582,258
8583,347
8584,474
8585,574
8586,655
8587,722
8588,630
8589,502
8590,401
8591,321
8592,258
8593,349
8594,475
8595,576
8596,657
8597,723
8598,627
8599,500
8600,400
8601,321
8602,257
8603,352
8604,478
8605,578
8606,659
8607,724
8608,626
8609,499
8610,400
8611,320
8612,256
8613,355
8614,480
8615,579
8616,660
8617,725
8618,624
8619,497
8620,398
8621,319
8622,256
8623,358
8624,481
8625,581
8626,661
8627,726
8628,620
8629,495
8630,396
8631,317
8632,254
8633,359
8634,482
8635,580
8636,661
8637,727
8638,617
8639,492
8640,394
8641,316
8642,253
8643,361
8644,484
8645,583
8646,663
8647,728
8648,616
8649,492
8650,393
8651,314
8652,252
8653,363
8654,487
8655,585
8656,665
8657,728
8658,613
8659,488
8660,392
8661,313
8662,252
8663,367
8664,488
8665,586
8666,665
8667,729
8668,612
8669,488
8670,390
8671,311
8672,251
8673,367
8674,490
8675,587
8676,666
8677,730
8678,609
8679,486
8680,388
8681,310
8682,250
8683,370
8684,492
8685,589
8686,666
8687,731
8688,607
8689,483
8690,388
8691,310
8692,249
8693,371
8694,493
8695,590
8696,668
8697,732
8698,605
8699,481
8700,387
8701,310
8702,248
8703,374
8704,495
8705,591
8706,670
8707,734
8708,601
8709,480
8710,385
8711,308
8712,247
8713,375
8714,496
8715,591
8716,671
8717,734
8718,600
8719,478
8720,382
8721,307
8722,247
8723,379
8724,498
8725,594
8726,672
8727,735
8728,598
8729,478
8730,382
8731,306
8732,245
8733,381
8734,500
8735,596
8736,674
8737,736
8738,596
8739,475
8740,380
8741,304
8742,245
8743,383
8744,503
8745,598
8746,674
8747,737
8748,593
8749,473
8750,380
8751,303
8752,244
8753,385
8754,504
8755,597
8756,676
8757,738
8758,591
8759,472
8760,378
8761,302
8762,243
8763,388
8764,506
8765,600
8766,676
8767,740
8768,588
8769,470
8770,376
8771,301
8772,242
8773,390
8774,507
8775,601
8776,677
8777,740
8778,585
8779,469
8780,375
8781,301
8782,240
8783,393
8784,509
8785,603
8786,678
8787,741
8788,584
8789,467
8790,375
8791,300
8792,240
8793,393
8794,509
8795,604
8796,680
8797,741
8798,581
8799,465
8800,372
8801,298
8802,237
8803,397
8804,512
8805,605
8806,681
8807,742
8808,581
8809,463
8810,371
8811,297
8812,236
8813,398
8814,514
8815,607
8816,682
8817,743
8818,577
8819,462
8820,369
8821,296
8822,251
8823,401
8824,516
8825,608
8826,682
8827,728
8828,576
8829,460
8830,369
8831,295
8832,253
8833,401
8834,517
8835,608
8836,683
8837,724
8838,574
8839,458
8840,367
8841,294
8842,255
8843,404
8844,518
8845,610
8846,686
8847,723
8848,572
8849,456
8850,366
8851,293
8852,259
8853,406
8854,520
8855,612
8856,686
8857,720
8858,569
8859,455
8860,364
8861,292
8862,261
8863,409
8864,522
8865,614
8866,687
8867,717
8868,568
8869,453
8870,363
8871,291
8872,264
8873,411
8874,523
8875,614
8876,688
8877,713
8878,567
8879,453
8880,362
8881,290
8882,267
8883,413
8884,526
8885,615
8886,690
8887,712
8888,563
8889,450
8890,360
8891,289
8892,270
8893,415
8894,528
8895,617
8896,691
8897,709
8898,561
8899,449
8900,359
8901,288
8902,273
8903,416
8904,528
8905,618
8906,692
8907,706
8908,559
8909,447
8910,357
8911,288
8912,274
8913,419
8914,530
8915,620
8916,692
8917,702
8918,558
8919,447
8920,358
8921,287
8922,278
8923,420
8924,532
8925,621
8926,693
8927,701
8928,556
8929,445
8930,356
8931,285
8932,282
8933,423
8934,533
8935,622
8936,695
8937,697
8938,554
8939,443
8940,353
8941,284
8942,283
8943,425
8944,535
8945,623
8946,696
8947,695
8948,552
8949,440
8950,352
8951,283
8952,285
8953,426
8954,536
8955,624
8956,696
8957,692
8958,550
8959,439
8960,351
8961,282
8962,290
8963,428
8964,538
8965,626
8966,698
8967,690
8968,548
8969,438
8970,351
8971,281
8972,292
8973,430
8974,540
8975,628
8976,699
8977,687
8978,546
8979,436
8980,349
8981,279
8982,294
8983,432
8984,542
8985,628
8986,700
8987,684
8988,544
8989,435
8990,347
8991,279
8992,296
8993,434
8994,543
8995,629
8996,701
8997,681
8998,542
8999,433
9000,347
9001,278
9002,299
9003,436
9004,543
9005,631
9006,702
9007,679
9008,541
9009,432
9010,345
9011,277
9012,302
9013,438
9014,546
9015,632
9016,703
9017,675
9018,537
9019,430
9020,344
9021,276
9022,304
9023,441
9024,548
9025,633
9026,704
9027,675
9028,536
9029,429
9030,343
9031,274
9032,305
9033,442
9034,549
9035,635
9036,705
9037,672
9038,535
9039,427
9040,342
9041,274
9042,309
9043,445
9044,550
9045,636
9046,705
9047,668
9048,533
9049,425
9050,340
9051,273
9052,311
9053,446
9054,552
9055,637
9056,708
9057,666
9058,531
9059,424
9060,339
9061,272
9062,314
9063,447
9064,553
9065,638
9066,707
9067,664
9068,528
9069,423
9070,339
9071,271
9072,316
9073,448
9074,554
9075,640
9076,709
9077,660
9078,526
9079,420
9080,337
9081,271
9082,317
9083,451
9084,557
9085,641
9086,709
9087,659
9088,524
9089,419
9090,336
9091,269
9092,323
9093,453
9094,558
9095,643
9096,712
9097,657
9098,522
9099,418
9100,335
9101,268
9102,323
9103,456
9104,559
9105,643
9106,712
9107,654
9108,521
9109,417
9110,332
9111,267
9112,325
9113,456
9114,560
9115,645
9116,713
9117,652
9118,519
9119,415
9120,332
9121,267
9122,327
9123,457
9124,561
9125,644
9126,714
9127,648
9128,516
9129,414
9130,331
9131,266
9132,332
9133,461
9134,561
9135,646
9136,714
9137,645
9138,515
9139,412
9140,330
9141,265
9142,331
9143,462
9144,565
9145,648
9146,717
9147,644
9148,514
9149,411
9150,329
9151,263
9152,335
9153,464
9154,566
9155,649
9156,716
9157,642
9158,511
9159,409
9160,328
9161,262
9162,337
9163,465
9164,569
9165,649
9166,718
9167,640
9168,510
9169,407
9170,327
9171,262
9172,339
9173,469
9174,568
9175,651
9176,719
9177,636
9178,509
9179,406
9180,324
9181,261
9182,342
9183,469
9184,572
9185,652
9186,719
9187,635
9188,507
9189,405
9190,324
9191,259
9192,344
9193,471
9194,572
9195,654
9196,720
9197,633
9198,505
9199,404
9200,323
9201,259
9202,346
9203,473
9204,573
9205,655
9206,722
9207,631
9208,501
9209,402
9210,322
9211,258
9212,349
9213,475
9214,576
9215,657
9216,722
9217,627
9218,501
9219,401
9220,321
9221,258
9222,352
9223,478
9224,578
9225,658
9226,723
9227,626
9228,499
9229,400
9230,320
9231,257
9232,352
9233,479
9234,577
9235,659
9236,725
9237,623
9238,497
9239,398
9240,318
9241,255
9242,355
9243,480
9244,579
9245,659
9246,725
9247,621
9248,495
9249,395
9250,317
9251,254
9252,359
9253,482
9254,580
9255,662
9256,726
9257,618
9258,493
9259,394
9260,316
9261,254
9262,359
9263,484
9264,581
9265,663
9266,727
9267,617
9268,492
9269,393
9270,315
9271,253
9272,361
9273,485
9274,584
9275,663
9276,729
9277,613
9278,489
9279,391
9280,314
9281,251
9282,365
9283,488
9284,585
9285,665
9286,729
9287,612
9288,487
9289,391
9290,313
9291,251
9292,368
9293,490
9294,587
9295,665
9296,730
9297,610
9298,486
9299,389
9300,312
9301,250
9302,370
9303,491
9304,588
9305,667
9306,731
9307,607
9308,485
9309,388
9310,311
9311,250
9312,370
9313,492
9314,589
9315,668
9316,733
9317,606
9318,483
9319,387
9320,310
9321,250
9322,372
9323,495
9324,591
9325,669
9326,734
9327,602
9328,480
9329,386
9330,308
9331,248
9332,375
9333,497
9334,592
9335,670
9336,735
9337,601
9338,480
9339,384
9340,308
9341,247
9342,377
9343,498
9344,594
9345,671
9346,734
9347,598
9348,479
9349,383
9350,307
9351,245
9352,379
9353,499
9354,594
9355,672
9356,736
9357,597
9358,477
9359,381
9360,305
9361,245
9362,382
9363,501
9364,597
9365,674
9366,737
9367,595
9368,474
9369,380
9370,304
9371,244
9372,384
9373,503
9374,597
9375,675
9376,737
9377,593
9378,473
9379,378
9380,303
9381,243
9382,387
9383,504
9384,599
9385,676
9386,738
9387,591
9388,472
9389,377
9390,303
9391,243
9392,389
9393,505
9394,600
9395,676
9396,739
9397,588
9398,469
9399,375
9400,301
9401,240
9402,391
9403,508
9404,602
9405,678
9406,739
9407,584
9408,467
9409,375
9410,300
9411,240
9412,393
9413,510
9414,602
9415,680
9416,741
9417,584
9418,467
9419,373
9420,299
9421,238
9422,396
9423,512
9424,605
9425,680
9426,742
9427,581
9428,463
9429,371
9430,298
9431,236
9432,396
9433,512
9434,604
9435,681
9436,742
9437,579
9438,463
9439,370
9440,297
9441,235
9442,400
9443,515
9444,607
9445,683
9446,730
9447,577
9448,461
9449,368
9450,296
9451,251
9452,401
9453,516
9454,608
9455,684
9456,724
9457,575
9458,459
9459,368
9460,294
9461,254
9462,403
9463,518
9464,610
9465,684
9466,725
9467,572
9468,457
9469,367
9470,294
9471,256
9472,406
9473,519
9474,610
9475,685
9476,720
9477,571
9478,456
9479,365
9480,292
9481,260
9482,408
9483,521
9484,613
9485,686
9486,719
9487,568
9488,454
9489,364
9490,292
9491,263
9492,409
9493,523
9494,613
9495,688
9496,716
9497,566
9498,453
9499,363
9500,291
9501,266
9502,412
9503,525
9504,616
9505,689
9506,713
9507,565
9508,451
9509,361
9510,290
9511,268
9512,413
9513,526
9514,617
9515,689
9516,708
9517,564
9518,451
9519,360
9520,288
9521,272
9522,416
9523,528
9524,617
9525,691
9526,707
9527,559
9528,447
9529,358
9530,288
9531,274
9532,418
9533,530
9534,619
9535,691
9536,705
9537,558
9538,446
9539,358
9540,287
9541,277
9542,419
9543,531
9544,621
9545,694
9546,701
9547,556
9548,445
9549,356
9550,286
9551,279
9552,421
9553,532
9554,621
9555,694
9556,698
9557,555
9558,443
9559,355
9560,285
9561,283
9562,423
9563,534
9564,623
9565,695
9566,696
9567,552
9568,442
9569,354
9570,283
9571,285
9572,424
9573,536
9574,625
9575,696
9576,694
9577,550
9578,440
9579,352
9580,282
9581,287
9582,428
9583,537
9584,625
9585,697
9586,692
9587,548
9588,438
9589,351
9590,281
9591,290
9592,430
9593,538
9594,627
9595,698
9596,687
9597,547
9598,437
9599,350
9600,281
9601,294
9602,431
9603,540
9604,627
9605,700
9606,686
9607,546
9608,436
9609,349
9610,280
9611,295
9612,434
9613,542
9614,629
9615,700
9616,684
9617,542
9618,433
9619,347
9620,279
9621,296
9622,435
9623,544
9624,630
9625,702
9626,681
9627,541
9628,433
9629,347
9630,278
9631,298
9632,437
9633,545
9634,632
9635,702
9636,678
9637,538
9638,431
9639,345
9640,277
9641,302
9642,440
9643,548
9644,633
9645,703
9646,673
9647,537
9648,430
9649,344
9650,276
9651,305
9652,442
9653,547
9654,634
9655,703
9656,673
9657,536
9658,428
9659,342
9660,275
9661,308
9662,442
9663,549
9664,636
9665,705
9666,670
9667,533
9668,426
9669,341
9670,274
9671,309
9672,444
9673,551
9674,636
9675,707
9676,667
9677,531
9678,425
9679,340
9680,272
9681,312
9682,446
9683,552
9684,638
9685,707
9686,664
9687,529
9688,424
9689,339
9690,272
9691,316
9692,449
9693,554
9694,639
9695,709
9696,663
9697,527
9698,422
9699,338
9700,271
9701,318
9702,450
9703,555
9704,641
9705,709
9706,660
9707,526
9708,420
9709,337
9710,270
9711,319
9712,451
9713,557
9714,642
9715,710
9716,657
9717,523
9718,419
9719,335
9720,268
9721,321
9722,454
9723,559
9724,643
9725,712
9726,656
9727,522
9728,417
9729,335
9730,268
9731,325
9732,456
9733,560
9734,644
9735,712
9736,653
9737,520
9738,415
9739,333
9740,267
9741,326
9742,457
9743,561
9744,645
9745,714
9746,650
9747,518
9748,414
9749,332
9750,267
9751,329
9752,460
9753,563
9754,646
9755,714
9756,648
9757,516
9758,413
9759,331
9760,266
9761,332
9762,461
9763,564
9764,648
9765,716
9766,647
9767,515
9768,411
9769,329
9770,264
9771,337
9772,464
9773,566
9774,649
9775,716
9776,642
9777,512
9778,410
9779,328
9780,262
9781,336
9782,465
9783,568
9784,650
9785,716
9786,641
9787,511
9788,409
9789,327
9790,262
9791,338
9792,467
9793,569
9794,651
9795,718
9796,638
9797,509
9798,407
9799,326
9800,261
9801,341
9802,469
9803,570
9804,653
9805,719
9806,636
9807,508
9808,405
9809,325
9810,260
9811,343
9812,471
9813,572
9814,654
9815,720
9816,633
9817,506
9818,405
9819,324
9820,259
9821,345
9822,473
9823,573
9824,655
9825,721
9826,632
9827,503
9828,402
9829,321
9830,259
9831,347
9832,474
9833,574
9834,656
9835,721
9836,629
9837,501
9838,401
9839,322
9840,257
9841,350
9842,475
9843,576
9844,657
9845,722
9846,626
9847,499
9848,400
9849,320
9850,257
9851,353
9852,478
9853,577
9854,658
9855,724
9856,623
9857,498
9858,399
9859,320
9860,257
9861,355
9862,479
9863,579
9864,659
9865,725
9866,625
9867,498
9868,398
9869,318
9870,256
9871,358
9872,481
9873,580
9874,660
9875,726
9876,620
9877,494
9878,396
9879,316
9880,254
9881,361
9882,484
9883,582
9884,662
9885,726
9886,618
9887,492
9888,395
9889,317
9890,254
9891,361
9892,485
9893,584
9894,663
9895,728
9896,616
9897,491
9898,394
9899,315
9900,253
9901,364
9902,486
9903,584
9904,664
9905,729
9906,613
9907,489
9908,391
9909,314
9910,251
9911,365
9912,488
9913,586
9914,664
9915,729
9916,611
9917,486
9918,390
9919,312
9920,250
9921,368
9922,491
9923,587
9924,666
9925,731
9926,609
9927,486
9928,388
9929,311
9930,249
9931,369
9932,492
9933,589
9934,667
9935,732
9936,607
9937,484
9938,387
9939,311
9940,249
9941,372
9942,493
9943,590
9944,668
9945,732
9946,602
9947,482
9948,386
9949,309
9950,248
9951,374
9952,495
9953,591
9954,668
9955,733
9956,601
9957,480
9958,385
9959,308
9960,247
9961,376
9962,497
9963,593
9964,670
9965,735
9966,600
9967,478
9968,384
9969,306
9970,247
9971,378
9972,499
9973,594
9974,671
9975,736
9976,597
9977,477
9978,381
9979,305
9980,245
9981,381
9982,501
9983,596
9984,673
9985,736
9986,595
9987,476
9988,381
9989,305
9990,244
9991,382
9992,502
9993,597
9994,673
9995,737
9996,593
9997,474
9998,379
9999,304
10000,243
10001,385
10002,504
10003,598
10004,675
10005,738
10006,592
10007,472
10008,378
10009,303
10010,243
10011,389
10012,505
10013,599
10014,677
10015,739
10016,588
10017,470
10018,377
10019,302
10020,242
10021,390
10022,507
10023,601
10024,677
10025,740
10026,586
10027,469
10028,376
10029,301
10030,240
10031,391
10032,509
10033,602
10034,678
10035,740
10036,584
10037,467
10038,374
10039,299
10040,238
10041,394
10042,511
10043,604
10044,679
10045,741
10046,581
10047,465
10048,372
10049,298
10050,237
10051,397
10052,513
10053,605
10054,680
10055,742
10056,580
10057,464
10058,371
10059,298
10060,236
10061,399
10062,515
10063,607
10064,681
10065,743
10066,578
10067,462
10068,369
10069,295
10070,236
10071,400
10072,514
10073,606
10074,682
10075,726
10076,575
10077,460
10078,368
10079,295
10080,255
10081,403
10082,517
10083,609
10084,683
10085,726
10086,573
10087,459
10088,367
10089,294
10090,256
10091,404
10092,519
10093,610
10094,684
10095,724
10096,573
10097,457
10098,365
10099,294
10100,258
10101,406
10102,521
10103,612
10104,687
10105,720
10106,571
10107,456
10108,366
10109,292
10110,262
10111,408
10112,521
10113,612
10114,687
10115,715
10116,568
10117,454
10118,364
10119,291
10120,266
10121,411
10122,523
10123,615
10124,688
10125,713
10126,567
10127,452
10128,362
10129,289
10130,267
10131,412
10132,525
10133,615
10134,690
10135,711
10136,565
10137,451
10138,361
10139,289
10140,271
10141,415
10142,527
10143,616
10144,690
10145,709
10146,562
10147,449
10148,359
10149,288
10150,273
10151,416
10152,527
10153,618
10154,692
10155,703
10156,560
10157,447
10158,359
10159,287
10160,277
10161,419
10162,530
10163,620
10164,693
10165,704
10166,558
10167,446
10168,357
10169,287
10170,277
10171,420
10172,531
10173,620
10174,693
10175,699
10176,555
10177,445
10178,355
10179,285
10180,282
10181,423
10182,533
10183,623
10184,695
10185,697
10186,555
10187,444
10188,354
10189,284
10190,284
10191,425
10192,535
10193,623
10194,696
10195,693
10196,551
10197,440
10198,353
10199,282
10200,287
10201,426
10202,537
10203,623
10204,696
10205,691
10206,550
10207,439
10208,352
10209,283
10210,290
10211,428
10212,539
10213,626
10214,698
10215,688
10216,548
10217,439
10218,351
10219,281
10220,293
10221,430
10222,540
10223,627
10224,699
10225,686
10226,546
10227,437
10228,349
10229,280
10230,294
10231,432
10232,540
10233,628
10234,699
10235,682
10236,543
10237,434
10238,348
10239,279
10240,298
10241,434
10242,543
10243,630
10244,700
10245,680
10246,542
10247,433
10248,347
10249,278
10250,299
10251,437
10252,543
10253,631
10254,701
10255,680
10256,540
10257,432
10258,346
10259,278
10260,301
10261,438
10262,546
10263,633
10264,703
10265,677
10266,539
10267,431
10268,344
10269,277
10270,302
10271,440
10272,548
10273,633
10274,704
10275,674
10276,535
10277,428
10278,343
10279,276
10280,307
10281,441
10282,549
10283,634
10284,703
10285,671
10286,535
10287,428
10288,343
10289,274
10290,309
10291,444
10292,551
10293,636
10294,706
10295,669
10296,532
10297,425
10298,341
10299,274
10300,310
10301,446
10302,551
10303,637
10304,707
10305,666
10306,530
10307,425
10308,339
10309,273
10310,313
10311,446
10312,552
10313,638
10314,708
10315,664
10316,528
10317,422
10318,339
10319,272
10320,317
10321,449
10322,555
10323,640
10324,709
10325,663
10326,528
10327,423
10328,338
10329,270
10330,319
10331,450
10332,555
10333,640
10334,709
10335,659
10336,524
10337,419
10338,336
10339,269
10340,320
10341,453
10342,557
10343,642
10344,710
10345,656
10346,523
10347,419
10348,335
10349,269
10350,323
10351,454
10352,559
10353,643
10354,712
10355,652
10356,521
10357,416
10358,333
10359,268
10360,326
10361,456
10362,561
10363,645
10364,713
10365,652
10366,518
10367,416
10368,333
10369,268
10370,330
10371,458
10372,562
10373,645
10374,714
10375,649
10376,517
10377,413
10378,330
10379,266
10380,331
10381,461
10382,563
10383,647
10384,715
10385,646
10386,515
10387,413
10388,330
10389,264
10390,332
10391,462
10392,565
10393,648
10394,716
10395,644
10396,513
10397,410
10398,328
10399,263
10400,335
10401,464
10402,567
10403,649
10404,717
10405,642
10406,511
10407,409
10408,327
10409,263
10410,337
10411,466
10412,568
10413,649
10414,717
10415,639
10416,511
10417,409
10418,327
10419,262
10420,340
10421,469
10422,569
10423,652
10424,719
10425,638
10426,508
10427,407
10428,325
10429,260
10430,342
10431,470
10432,571
10433,653
10434,720
10435,635
10436,506
10437,405
10438,323
10439,260
10440,344
10441,472
10442,573
10443,654
10444,721
10445,633
10446,505
10447,404
10448,324
10449,260
10450,347
10451,473
10452,573
10453,656
10454,722
10455,630
10456,504
10457,403
10458,322
10459,259
10460,348
10461,476
10462,575
10463,657
10464,722
10465,629
10466,501
10467,401
10468,321
10469,258
10470,352
10471,477
10472,577
10473,658
10474,723
10475,624
10476,498
10477,400
10478,320
10479,256
10480,354
10481,479
10482,579
10483,659
10484,725
10485,623
10486,497
10487,398
10488,318
10489,256
10490,356
10491,481
10492,580
10493,661
10494,726
10495,620
10496,495
10497,396
10498,318
10499,255
10500,358
10501,482
10502,581
